member,group_id,m1,m2,m3,m4,m5,m6,m7,m8,m9,m10,m11,m12
85977092,4500832,57,3,22,0.7219280948873623,4.095795255000932,2.321928094887362,81.29824561403508,1.6842105263157894,11.105263157894736,0.8058149172165351,2.3778139323842655,1.5094330206311126
128675852,4500832,67,1,18,1.4056390622295662,3.6835423624332306,3.0,98.8955223880597,1.9253731343283582,10.074626865671641,0.9428970318724788,2.2392256109702866,1.5878770673566274
7880723,4500832,92,1,19,2.6031579868726,4.142664355548851,3.7004397181410926,114.44565217391305,1.9673913043478262,11.271739130434783,1.1759040354760284,2.571108735008475,2.1165822324387475
10084373,4500832,63,1,4,0.0,2.0,0.0,86.33333333333333,1.6031746031746033,11.666666666666666,0.758336478136008,2.4053595132487673,1.5647347025874974
157726742,4500832,63,1,1,0.0,0.0,0.0,99.42857142857143,2.1587301587301586,11.0,1.099870499471049,2.5263945430283146,2.019449960389212
161656872,4500832,67,1,2,0.0,1.0,0.0,98.8955223880597,1.9253731343283582,10.313432835820896,0.9638767193684425,2.2792784820513794,1.6326531867596126
26044462,4500832,32,1,16,1.9852281360342516,3.75,3.6644977792004623,100.71875,2.75,15.25,1.372265424236057,3.2438275011126416,2.5499735314056804
24950842,4500832,92,1,21,1.3346791410515946,4.297079327540665,3.7004397181410926,114.44565217391305,1.9673913043478262,11.25,1.189691849017561,2.569430311399868,2.116582232438747
183642173,4500832,57,1,14,0.9182958340544896,3.6644977792004623,1.584962500721156,81.29824561403508,1.719298245614035,11.24561403508772,0.8023698691609715,2.38538055476673,1.5223622415813969
59996222,4500832,63,1,11,1.5,3.459431618637298,2.0,86.33333333333333,1.6031746031746033,11.555555555555555,0.7345269543264842,2.3821939320005563,1.5329886708414657
26587202,4500832,63,1,8,0.7219280948873623,3.0,2.321928094887362,86.33333333333333,1.6031746031746033,11.603174603174603,0.7468773020266848,2.3894864973757515,1.5278787010813488
51687492,4500832,92,1,10,1.5219280948873621,3.321928094887362,2.321928094887362,114.44565217391305,1.9673913043478262,11.369565217391305,1.187656534301955,2.580029781320013,2.1315660544306354
188993604,4500832,57,1,1,0.0,0.0,0.0,81.29824561403508,1.719298245614035,11.473684210526315,0.8184803223899977,2.449669989489545,1.5501686012431717
93782092,4500832,32,1,45,1.758842712835596,5.402964207440785,4.39231742277876,100.71875,2.75,14.34375,1.3793399687110148,3.1921723696301174,2.5272291675438585
13244500,4500832,63,1,16,1.6644977792004616,4.0,2.8073549220576046,99.42857142857143,2.1587301587301586,10.761904761904763,1.0734498998012003,2.4629024795362513,1.9748887711502026
188915796,4500832,57,1,6,0.0,2.584962500721156,1.584962500721156,81.29824561403508,1.719298245614035,11.385964912280702,0.8184803223899977,2.4043197701786476,1.5223622415813969
157769822,4500832,63,1,1,0.0,0.0,0.0,99.42857142857143,2.1587301587301586,11.0,1.099870499471049,2.5263945430283146,2.019449960389212
44910692,4500832,57,1,44,3.0241817261190036,5.0331841754063085,4.606739354015323,81.29824561403508,1.719298245614035,10.719298245614034,0.7654245026335239,2.361368512728031,1.4693486125762358
12017770,4500832,92,1,4,0.8112781244591328,2.0,2.0,114.44565217391305,1.9673913043478262,11.434782608695652,1.1953809905022619,2.594398564960093,2.1350652728533244
182581360,4500832,67,1,1,0.0,0.0,0.0,98.8955223880597,1.9253731343283582,10.328358208955224,0.9638767193684425,2.294203855185708,1.6326531867596126
173336692,4500832,57,1,6,0.0,2.584962500721156,1.0,81.29824561403508,1.719298245614035,11.385964912280702,0.8184803223899977,2.4043197701786476,1.5326247415940488
97380472,4500832,67,1,2,0.0,1.0,0.0,98.8955223880597,1.9253731343283582,10.313432835820896,0.9638767193684425,2.2792784820513794,1.6326531867596126
97929342,4500832,63,2,4,1.0,2.0,1.0,99.42857142857143,2.142857142857143,10.952380952380953,1.0839974835980333,2.4946485112822834,2.003576944516196
14633088,4500832,137,2,15,0.9182958340544896,3.773557262275185,2.94770277922009,99.85401459854015,1.802919708029197,10.335766423357665,1.0891142057634713,2.43377633888497,1.964972717511424
195186825,4500832,63,1,6,0.0,2.584962500721156,0.0,86.33333333333333,1.6031746031746033,11.634920634920634,0.758336478136008,2.3960743941897014,1.5647347025874974
65661072,4500832,67,1,27,2.584962500721156,4.680813428089397,3.584962500721156,98.8955223880597,1.9253731343283582,9.940298507462687,0.9252951895069327,2.224340968199299,1.5791462837637742
12531865,4500832,57,1,6,1.0,2.584962500721156,1.0,81.29824561403508,1.719298245614035,11.385964912280702,0.8009364627408749,2.4043197701786476,1.5326247415940488
48875682,4500832,204,4,2,1.0,1.0,1.0,87.54411764705883,1.6911764705882353,12.392156862745098,1.0355220983042799,2.651955950454302,1.9734226315266037
183122083,4500832,63,1,8,0.0,3.0,0.0,86.33333333333333,1.6031746031746033,11.603174603174603,0.758336478136008,2.3894864973757515,1.5647347025874974
157733032,4500832,63,1,1,0.0,0.0,0.0,99.42857142857143,2.1587301587301586,11.0,1.099870499471049,2.5263945430283146,2.019449960389212
12767407,4500832,92,2,63,2.663697740738099,5.306412264666737,5.469482468698917,114.44565217391305,1.9565217391304348,10.793478260869565,1.1752459946731424,2.558459301213715,2.0973535068892057
42977462,4500832,37,1,45,2.33012496531497,5.07507781850382,3.906890595608518,82.27027027027027,2.2972972972972974,11.324324324324325,1.0198563585147848,2.625664030935082,1.9102233817642869
8435901,4500832,151,3,16,2.610577243331643,4.0,3.8073549220576055,101.35099337748345,1.7615894039735098,10.403973509933774,1.0353357062178217,2.394480440338321,1.8525243610095121
184885437,4500832,37,1,5,0.7219280948873623,2.321928094887362,2.321928094887362,82.27027027027027,2.2972972972972974,12.405405405405405,1.0633211387966122,2.700073482924716,1.953060206108102
10440895,4500832,124,6,7,2.2516291673878226,2.8073549220576046,2.584962500721156,99.90322580645162,1.8225806451612903,11.887096774193548,1.1228475672576523,2.639124330313972,2.082681622470713
188807360,4500832,114,2,1,0.0,0.0,0.0,78.99122807017544,1.5263157894736843,10.675438596491228,0.7204563859283621,2.390041775681415,1.4900004057947593
182593735,4500832,67,1,1,0.0,0.0,0.0,98.8955223880597,1.9253731343283582,10.328358208955224,0.9638767193684425,2.294203855185708,1.6326531867596126
43641042,4500832,63,3,12,1.3787834934861758,3.584962500721156,2.8073549220576046,86.33333333333333,1.5714285714285714,11.53968253968254,0.7364510258584498,2.3802013783166855,1.5201735133484877
12034275,4500832,63,1,2,0.0,1.0,0.0,99.42857142857143,2.1587301587301586,10.984126984126984,1.099870499471049,2.510521527155299,2.019449960389212
141637862,4500832,63,1,36,0.0,4.7045114597155475,2.0,86.33333333333333,1.6031746031746033,11.158730158730158,0.758336478136008,2.3624307599199494,1.5329886708414655
182268142,4500832,67,1,1,0.0,0.0,0.0,98.8955223880597,1.9253731343283582,10.328358208955224,0.9638767193684425,2.294203855185708,1.6326531867596126
4335862,4500832,63,1,4,0.9182958340544896,2.0,1.584962500721156,86.33333333333333,1.6031746031746033,11.666666666666666,0.7437603537859367,2.4053595132487673,1.5395765676554156
22943991,4500832,57,1,7,0.0,2.8073549220576046,1.0,81.29824561403508,1.719298245614035,11.368421052631579,0.8184803223899977,2.4004181487516925,1.5326247415940488
20605181,4500832,92,1,2,0.0,1.0,1.0,114.44565217391305,1.9673913043478262,11.456521739130435,1.2041992309855132,2.605268130177484,2.1459348380707155
34955522,4500832,37,2,37,1.8618540887146815,4.702564514219128,4.2626923908396215,82.27027027027027,2.27027027027027,11.54054054054054,1.0325123281526305,2.6357319580779115,1.9006071170283112
11557126,4500832,92,1,26,1.0949143184120975,4.440636352673266,3.8073549220576055,114.44565217391305,1.9673913043478262,11.195652173913043,1.1922979883940772,2.567869908952775,2.115420110657046
5802247,4500832,32,2,2,1.0,1.0,1.0,100.71875,2.71875,15.6875,1.4030538034871274,3.3297650011126416,2.6332390870056948
183630089,4500832,63,1,5,0.0,2.321928094887362,1.584962500721156,86.33333333333333,1.6031746031746033,11.65079365079365,0.758336478136008,2.4002495434886506,1.5395765676554154
108763402,4500832,92,1,11,1.5,3.2776134368191165,2.0,114.44565217391305,1.9673913043478262,11.358695652173912,1.1878948831594263,2.5805114623859717,2.1350652728533244
188743946,4500832,57,1,8,0.0,3.0,1.584962500721156,81.29824561403508,1.719298245614035,11.350877192982455,0.8184803223899977,2.397038410542177,1.5223622415813969
152535312,4500832,63,1,3,0.0,1.584962500721156,1.0,99.42857142857143,2.1587301587301586,10.968253968253968,1.099870499471049,2.5012364080962324,2.003576944516196
188967184,4500832,57,1,1,0.0,0.0,0.0,81.29824561403508,1.719298245614035,11.473684210526315,0.8184803223899977,2.449669989489545,1.5501686012431717
9824530,4500832,67,1,3,0.0,1.584962500721156,0.0,98.8955223880597,1.9253731343283582,10.298507462686567,0.9638767193684425,2.2705476984585267,1.6326531867596126
56576282,4500832,32,4,7,1.584962500721156,2.8073549220576046,1.584962500721156,100.71875,2.65625,15.53125,1.3847737253395913,3.2732851597983417,2.614959008858159
130144542,4500832,118,2,15,1.5219280948873621,3.906890595608518,2.321928094887362,103.96610169491525,1.9745762711864407,12.567796610169491,1.23291756292084,2.762616859787418,2.248792791421866
144259362,4500832,155,3,5,1.9219280948873623,2.321928094887362,2.321928094887362,86.07741935483871,1.8129032258064517,11.0,0.966982957463704,2.4038807685986625,1.7799070484353663
34674982,4500832,32,1,17,0.8112781244591328,3.969815782426811,3.584962500721156,100.71875,2.75,15.21875,1.4089513620977796,3.236958257911804,2.552459008858159
132755752,4500832,92,1,25,1.301240785481462,4.4838561897747224,4.297079327540665,114.44565217391305,1.9673913043478262,11.206521739130435,1.190055309404193,2.5674001281147154,2.1100970192930997
139882792,4500832,63,1,3,0.0,1.584962500721156,1.0,99.42857142857143,2.1587301587301586,10.968253968253968,1.099870499471049,2.5012364080962324,2.003576944516196
157700392,4500832,63,1,1,0.0,0.0,0.0,99.42857142857143,2.1587301587301586,11.0,1.099870499471049,2.5263945430283146,2.019449960389212
94150962,4500832,32,2,4,0.9182958340544896,2.0,1.584962500721156,100.71875,2.71875,15.625,1.4056070586729246,3.2985150011126416,2.614959008858159
7057716,4500832,63,1,2,0.0,1.0,0.0,86.33333333333333,1.6031746031746033,11.698412698412698,0.758336478136008,2.4212325291217835,1.5647347025874974
71199032,4500832,92,1,9,1.9219280948873623,3.169925001442312,2.321928094887362,114.44565217391305,1.9673913043478262,11.380434782608695,1.1833087082149985,2.5816819888574587,2.1315660544306354
82340152,4500832,92,1,21,2.5046934208291405,4.297079327540665,4.169925001442313,114.44565217391305,1.9673913043478262,11.25,1.17697430249824,2.5694303113998678,2.111479131533299
156643642,4500832,63,1,13,0.0,3.7004397181410926,2.584962500721156,99.42857142857143,2.1587301587301586,10.80952380952381,1.099870499471049,2.4676574046451223,1.9784188095841142
59343172,4500832,137,3,16,2.117492461184755,3.577819531114783,3.4182958340544896,99.85401459854015,1.7956204379562044,10.328467153284672,1.0803609457114254,2.435205081448184,1.961537731709713
188823881,4500832,57,1,14,0.0,3.6644977792004623,0.0,81.29824561403508,1.719298245614035,11.24561403508772,0.8184803223899977,2.38538055476673,1.5501686012431717
74217812,4500832,92,4,1,0.0,0.0,0.0,114.44565217391305,1.934782608695652,11.467391304347826,1.2041992309855132,2.616137695394875,2.1568044032881066
122126702,4500832,151,2,62,2.905307776373747,5.304766269959611,4.142664355548851,101.35099337748345,1.7682119205298013,10.099337748344372,1.033383848383106,2.3858396041134227,1.8503037687347355
2562415,4500832,92,1,20,1.3709505944546687,4.1219280948873624,2.321928094887362,114.44565217391305,1.9673913043478262,11.26086956521739,1.1892975940892667,2.5713341291461,2.131566054430636
86137202,4500832,90,2,11,0.9182958340544896,3.0957952550009344,1.584962500721156,89.92222222222222,1.9222222222222223,11.922222222222222,1.059863541039177,2.5321580986754393,1.8805073348389039
3320182,4500832,137,2,26,2.4056390622295662,4.623516641218015,4.0,99.85401459854015,1.802919708029197,10.255474452554745,1.0782576858497843,2.4275722558269925,1.957291715899892
143251832,4500832,92,1,1,0.0,0.0,0.0,114.44565217391305,1.9673913043478262,11.467391304347826,1.2041992309855132,2.616137695394875,2.1568044032881066
64047482,4500832,92,5,3,1.0,1.584962500721156,1.0,114.44565217391305,1.923913043478261,11.445652173913043,1.193329665768122,2.5989098421261674,2.1459348380707155
143071612,4500832,92,1,4,1.584962500721156,2.0,1.584962500721156,114.44565217391305,1.9673913043478262,11.434782608695652,1.186971377716805,2.5943985649600925,2.1395765500193984
12255615,4500832,88,2,11,2.1556390622295662,3.459431618637298,3.0,94.11363636363636,2.147727272727273,12.477272727272727,1.1572122762475006,2.7236931088494214,2.1348982603076028
14625153,4500832,92,1,5,0.0,2.321928094887362,2.0,114.44565217391305,1.9673913043478262,11.423913043478262,1.2041992309855132,2.590899346537404,2.1350652728533244
64047492,4500832,137,2,11,1.224394445405986,3.277613436819116,3.169925001442312,99.85401459854015,1.802919708029197,10.364963503649635,1.0868799093302486,2.4373963668080063,1.9633506574952033
142291342,4500832,57,1,4,1.0,2.0,1.0,81.29824561403508,1.719298245614035,11.421052631578947,0.8009364627408748,2.4145822701913,1.5326247415940488
12028306,4500832,92,1,5,0.0,1.9219280948873623,0.9182958340544896,114.44565217391305,1.9673913043478262,11.423913043478262,1.2041992309855132,2.5952471726243607,2.146822926830993
189022620,4500832,57,1,1,0.0,0.0,0.0,81.29824561403508,1.719298245614035,11.473684210526315,0.8184803223899977,2.449669989489545,1.5501686012431717
12640679,4500832,37,1,11,1.2516291673878228,3.095795255000934,2.584962500721156,82.27027027027027,2.2972972972972974,12.243243243243244,1.049004893593897,2.679158154272998,1.945951168112594
184500656,4500832,63,1,3,0.0,1.584962500721156,0.0,86.33333333333333,1.6031746031746033,11.682539682539682,0.758336478136008,2.411947410062717,1.5647347025874974
74473922,4500832,63,1,18,2.2516291673878226,4.169925001442313,2.584962500721156,86.33333333333333,1.6031746031746033,11.444444444444445,0.7225963326219157,2.3709162592576196,1.5237035517823998
149135812,4500832,90,2,34,0.8739810481273578,4.734521664779751,3.969815782426811,83.33333333333333,1.8222222222222222,12.566666666666666,0.9408074183434808,2.656583011968495,1.8281775918677245
41486802,4500832,37,1,14,2.2295739585136225,3.521640636343319,3.418295834054489,82.27027027027027,2.2972972972972974,12.162162162162161,1.0225739532931997,2.667648819642123,1.9234286455900718
11227604,4500832,37,2,25,0.4689955935892812,4.373660689688184,3.321928094887362,82.27027027027027,2.27027027027027,11.864864864864865,1.070157152345209,2.6446212506328024,1.926033179081075
97946072,4500832,88,4,1,0.0,0.0,0.0,94.11363636363636,2.125,12.590909090909092,1.1817081746819276,2.763004831788481,2.168989169398512
12970460,4500832,67,1,4,1.5,2.0,2.0,98.8955223880597,1.9253731343283582,10.283582089552239,0.94148865966695,2.264353108917051,1.6028024404909558
150831582,4500832,63,1,8,0.0,2.75,0.0,86.33333333333333,1.6031746031746033,11.603174603174603,0.758336478136008,2.3934547513440054,1.5647347025874974
12558828,4500832,63,1,8,2.128085278891395,3.0,2.8073549220576046,99.42857142857143,2.1587301587301586,10.88888888888889,1.0660913680600743,2.4787754954092676,1.9748887711502026
32840182,4500832,173,7,24,2.4193819456463714,4.220175521464346,3.169925001442312,81.18497109826589,1.5664739884393064,10.393063583815028,0.8060142274442444,2.3670478366392516,1.6078456268965604
149912062,4500832,63,1,3,0.0,1.584962500721156,1.584962500721156,86.33333333333333,1.6031746031746033,11.682539682539682,0.758336478136008,2.411947410062717,1.5395765676554154
13873672,4500832,137,8,9,2.2359263506290326,3.169925001442312,2.8073549220576046,99.85401459854015,1.7591240875912408,10.379562043795621,1.0794964647665766,2.43818241378156,1.9659971544250185
67291672,4500832,37,1,1,0.0,0.0,0.0,82.27027027027027,2.2972972972972974,12.513513513513514,1.0828327089287029,2.76282829630005,2.015815019483436
46412312,4500832,63,1,1,0.0,0.0,0.0,86.33333333333333,1.6031746031746033,11.714285714285714,0.758336478136008,2.4371055449947994,1.5647347025874974
156760602,4500832,63,1,2,0.0,1.0,0.0,99.42857142857143,2.1587301587301586,10.984126984126984,1.099870499471049,2.5105215271552987,2.019449960389212
143219242,4500832,92,1,1,0.0,0.0,0.0,114.44565217391305,1.9673913043478262,11.467391304347826,1.2041992309855132,2.616137695394875,2.1568044032881066
135733802,4500832,63,1,21,1.584962500721156,3.975418017913833,3.418295834054489,99.42857142857143,2.1587301587301586,10.682539682539682,1.0747123645389671,2.4632926697280952,1.9651912963566012
155724332,4500832,88,2,6,0.8112781244591328,2.584962500721156,2.0,94.11363636363636,2.147727272727273,12.534090909090908,1.172489105085801,2.7336302579166496,2.1462618966712395
157772332,4500832,63,1,1,0.0,0.0,0.0,99.42857142857143,2.1587301587301586,11.0,1.099870499471049,2.5263945430283146,2.019449960389212
11829808,4500832,63,1,22,2.3709505944546683,4.277613436819114,3.121928094887362,99.42857142857143,2.1587301587301586,10.666666666666666,1.0622363630511336,2.4584959170470593,1.9698955461846508
185496127,4500832,114,2,31,1.9219280948873623,4.671780584510635,2.321928094887362,78.99122807017544,1.5263157894736843,10.412280701754385,0.7035973675521573,2.3490612442383396,1.4696326154887296
184048201,4500832,57,1,17,0.7219280948873623,4.08746284125034,2.321928094887362,81.29824561403508,1.719298245614035,11.192982456140351,0.8058149172165352,2.377960115081644,1.5094330206311126
104256082,4500832,331,8,15,2.2221915755066783,3.773557262275185,3.459431618637298,77.77945619335347,1.459214501510574,10.782477341389727,0.890987999690198,2.4147932115487847,1.723887603517109
27538002,4500832,67,1,31,1.6899461611103166,4.413716068381603,4.436605434317882,98.8955223880597,1.9253731343283582,9.880597014925373,0.9386536423369453,2.228327495956132,1.5664351952026292
30304852,4500832,63,1,12,0.0,3.2516291673878226,1.584962500721156,86.33333333333333,1.6031746031746033,11.53968253968254,0.758336478136008,2.385492383607691,1.5395765676554156
21889621,4500832,37,1,1,0.0,0.0,0.0,82.27027027027027,2.2972972972972974,12.513513513513514,1.0828327089287029,2.76282829630005,2.015815019483436
14385750,4500832,57,1,3,0.0,1.584962500721156,1.0,81.29824561403508,1.719298245614035,11.43859649122807,0.8184803223899977,2.4218636298277705,1.5326247415940488
13812312,4500832,63,3,6,1.5,2.251629167387823,2.0,99.42857142857143,2.126984126984127,10.920634920634921,1.0760609756615251,2.4906543975142226,1.9877039286431804
23956062,4500832,63,1,3,0.0,1.584962500721156,1.0,99.42857142857143,2.1587301587301586,10.968253968253968,1.099870499471049,2.5012364080962333,2.003576944516196
2525803,4500832,137,4,95,3.333735095461372,6.090805345127506,5.657451417673509,99.85401459854015,1.7883211678832116,9.751824817518248,1.0714832622495523,2.4168621193021056,1.945193530369428
182944363,4500832,63,1,6,0.0,2.584962500721156,1.584962500721156,86.33333333333333,1.6031746031746033,11.634920634920634,0.758336478136008,2.3960743941897014,1.5395765676554154
2212467,4500832,63,1,9,2.4056390622295662,3.169925001442312,3.0,86.33333333333333,1.6031746031746033,11.587301587301587,0.720151731116491,2.3867892751306354,1.51711565496845
193372807,4500832,63,1,19,0.0,4.247927513443588,1.0,86.33333333333333,1.6031746031746033,11.428571428571429,0.758336478136008,2.369678124146488,1.5488616867144815
40567432,4500832,92,1,21,2.128085278891395,4.297079327540665,2.8073549220576046,114.44565217391305,1.9673913043478262,11.25,1.1810678692584329,2.569430311399868,2.1262896758744376
99715742,4500832,92,1,52,2.367269040219156,5.546593564294942,5.19529593449622,114.44565217391305,1.9673913043478262,10.91304347826087,1.17846804576574,2.5558486349134086,2.100333795304452
143229602,4500832,92,1,1,0.0,0.0,0.0,114.44565217391305,1.9673913043478262,11.467391304347826,1.2041992309855132,2.616137695394875,2.1568044032881066
84595372,4500832,57,1,2,0.0,1.0,1.0,81.29824561403508,1.719298245614035,11.456140350877194,0.8184803223899977,2.432126129840422,1.5326247415940488
66738882,4500832,92,1,2,1.0,1.0,1.0,114.44565217391305,1.9673913043478262,11.456521739130435,1.193329665768122,2.605268130177484,2.1459348380707155
144513732,4500832,117,3,9,1.0,3.169925001442312,1.0,80.22222222222223,1.811965811965812,12.333333333333334,1.0243260150957492,2.57243971572212,1.9038482745681755
126503622,4500832,137,3,13,1.9182958340544893,3.3927474104487847,2.2516291673878226,99.85401459854015,1.7956204379562044,10.35036496350365,1.0818149356904785,2.4365559728399067,1.9700535467948712
47696582,4500832,32,1,16,1.5,4.0,2.0,100.71875,2.75,15.25,1.3874288034871274,3.2360150011126416,2.6019890870056948
15817421,4500832,196,3,7,0.9182958340544896,2.8073549220576046,2.584962500721156,91.8061224489796,1.6428571428571428,10.78061224489796,0.9664488518212064,2.424133277532314,1.8210610699988534
139160272,4500832,37,1,26,2.4030880459193185,4.5465935642949376,4.436605434317882,82.27027027027027,2.2972972972972974,11.837837837837839,1.017884383363316,2.639947389156944,1.895906764501872
7723733,4500832,67,1,33,1.1451104143815827,4.923181998146335,3.7004397181410926,98.8955223880597,1.9253731343283582,9.850746268656716,0.946785519153792,2.220723526855166,1.5774227432052679
126862042,4500832,63,1,20,2.0202442071537563,4.1219280948873624,3.8073549220576055,86.33333333333333,1.6031746031746033,11.412698412698413,0.7262691097684881,2.371678114917222,1.504300497475472
3982054,4500832,67,1,35,1.5709505944546687,5.072140159802107,3.321928094887362,98.8955223880597,1.9253731343283582,9.82089552238806,0.9404296955706116,2.21850027071105,1.58307217041801
25350892,4500832,158,3,17,1.0408520829727552,4.08746284125034,3.584962500721156,94.83544303797468,1.8164556962025316,11.417721518987342,1.1312703269382027,2.5882057093156448,2.060543327786948
31906552,4500832,92,1,22,1.765246528378741,4.277613436819114,4.058813890331201,114.44565217391305,1.9673913043478262,11.23913043478261,1.1850117687205268,2.5696418971685806,2.112686861001898
14095101,4500832,67,1,5,0.0,2.321928094887362,1.0,98.8955223880597,1.9253731343283582,10.26865671641791,0.9638767193684425,2.2595482119784336,1.6177278136252842
184920840,4500832,37,1,18,0.0,4.169925001442313,2.0,82.27027027027027,2.2972972972972974,12.054054054054054,1.0828327089287029,2.650127620585393,1.9617609654293822
14267157,4500832,92,2,10,2.197159723424149,3.321928094887362,3.169925001442312,114.44565217391305,1.9565217391304348,11.369565217391305,1.180317060078729,2.580029781320013,2.12234869675069
102226712,4500832,92,1,13,1.3709505944546687,3.5465935642949384,2.321928094887362,114.44565217391305,1.9673913043478262,11.33695652173913,1.189297594089267,2.577587765348191,2.1315660544306354
139930392,4500832,137,2,2,0.0,1.0,1.0,99.85401459854015,1.802919708029197,10.430656934306569,1.0958170950631392,2.454021282405226,1.97918952611887
112462622,4500832,92,1,1,0.0,0.0,0.0,114.44565217391305,1.9673913043478262,11.467391304347826,1.2041992309855132,2.616137695394875,2.1568044032881066
139080482,4500832,145,3,18,1.5709505944546687,3.9477027792200903,3.321928094887362,82.76551724137931,1.6758620689655173,11.793103448275861,0.909393536728903,2.4734643881635137,1.7064063083640524
11252518,4500832,137,2,20,3.108694969562842,3.921928094887362,4.321928094887363,99.85401459854015,1.802919708029197,10.299270072992702,1.073125890905746,2.4326933401067783,1.954941875791225
139412262,4500832,92,1,13,0.5435644431995964,3.334679141051595,3.0,114.44565217391305,1.9673913043478262,11.33695652173913,1.1982909218203002,2.5798911829921405,2.124195707635933
96119592,4500832,118,2,25,0.0,4.403856189774723,1.0,83.7542372881356,1.6271186440677967,10.177966101694915,0.8598530488716889,2.2570613488952946,1.5317019291573493
139688742,4500832,37,1,2,0.0,1.0,1.0,82.27027027027027,2.2972972972972974,12.486486486486486,1.0828327089287029,2.7358012692730234,1.9887879924564094
195330857,4500832,63,1,5,0.0,2.321928094887362,1.0,86.33333333333333,1.6031746031746033,11.65079365079365,0.758336478136008,2.4002495434886506,1.5488616867144815
172376882,4500832,57,1,6,0.0,2.584962500721156,0.0,81.29824561403508,1.719298245614035,11.385964912280702,0.8184803223899977,2.4043197701786476,1.5501686012431717
143061812,4500832,92,1,1,0.0,0.0,0.0,114.44565217391305,1.9673913043478262,11.467391304347826,1.2041992309855132,2.616137695394875,2.1568044032881066
25711412,4500832,63,1,9,2.75,3.169925001442312,2.75,99.42857142857143,2.1587301587301586,10.873015873015873,1.0562197058202554,2.476078273164151,1.9757991667384183
12473142,4500832,63,1,17,2.1556390622295662,4.08746284125034,3.0,99.42857142857143,2.1587301587301586,10.746031746031745,1.0656540064197861,2.461514180468786,1.9718309127701643
184251190,4500832,37,1,4,0.0,2.0,0.0,82.27027027027027,2.2972972972972974,12.432432432432432,1.0828327089287029,2.708774242245996,2.015815019483436
183792458,4500832,57,1,1,0.0,0.0,0.0,81.29824561403508,1.719298245614035,11.473684210526315,0.8184803223899977,2.449669989489545,1.5501686012431717
182608719,4500832,96,2,2,0.0,1.0,0.0,85.26041666666667,1.8229166666666667,11.375,0.9567650353627241,2.4127880606861707,1.7384619948111377
154010462,4500832,32,1,4,0.0,2.0,0.0,100.71875,2.75,15.625,1.4343038034871274,3.2985150011126416,2.6644890870056948
181304162,4500832,67,1,2,0.0,1.0,0.0,98.8955223880597,1.9253731343283582,10.313432835820896,0.9638767193684425,2.2792784820513794,1.6326531867596126
18113381,4500832,63,1,11,0.0,3.2776134368191165,2.584962500721156,99.42857142857143,2.1587301587301586,10.841269841269842,1.099870499471049,2.474368932920075,1.9784188095841144
65352552,4500832,67,1,7,2.128085278891395,2.8073549220576046,2.8073549220576046,98.8955223880597,1.9253731343283582,10.238805970149254,0.9321142525193172,2.252303035453505,1.5907523670274093
11318122,4500832,57,1,4,0.0,2.0,0.0,81.29824561403508,1.719298245614035,11.421052631578947,0.8184803223899977,2.4145822701913,1.5501686012431717
188640107,4500832,57,1,8,0.0,3.0,1.0,81.29824561403508,1.719298245614035,11.350877192982455,0.8184803223899977,2.397038410542177,1.5326247415940488
157647732,4500832,88,2,14,1.4182958340544896,3.521640636343319,3.2516291673878226,94.11363636363636,2.147727272727273,12.443181818181818,1.1655911765676719,2.722986188193671,2.132038837950923
14089081,4500832,57,1,21,1.3787834934861756,4.39231742277876,2.8073549220576046,81.29824561403508,1.719298245614035,11.12280701754386,0.794291138293749,2.3726117890899174,1.5009167605053189
58801022,4500832,63,2,3,0.9182958340544896,1.584962500721156,1.584962500721156,86.33333333333333,1.5873015873015872,11.682539682539682,0.7437603537859367,2.411947410062717,1.5395765676554156
184994688,4500832,57,1,4,0.0,2.0,1.0,81.29824561403508,1.719298245614035,11.421052631578947,0.8184803223899977,2.4145822701913,1.5326247415940488
182594449,4500832,67,1,1,0.0,0.0,0.0,98.8955223880597,1.9253731343283582,10.328358208955224,0.9638767193684425,2.294203855185708,1.6326531867596126
16964501,4500832,67,1,6,1.9182958340544893,2.2516291673878226,2.584962500721156,98.8955223880597,1.9253731343283582,10.253731343283581,0.9352454382631515,2.2605974497023076,1.5940716568981026
184466327,4500832,37,1,5,0.0,2.321928094887362,1.0,82.27027027027027,2.2972972972972974,12.405405405405405,1.0828327089287029,2.700073482924716,1.9887879924564094
11963292,4500832,57,1,5,1.3709505944546687,2.321928094887362,2.321928094887362,81.29824561403508,1.719298245614035,11.403508771929825,0.7944285575750036,2.408934408877486,1.5094330206311126
104379302,4500832,92,1,2,0.0,1.0,1.0,114.44565217391305,1.9673913043478262,11.456521739130435,1.2041992309855132,2.605268130177484,2.1459348380707155
99240872,4500832,63,1,5,0.9182958340544896,2.321928094887362,1.584962500721156,86.33333333333333,1.6031746031746033,11.65079365079365,0.7437603537859367,2.4002495434886506,1.5395765676554156
157737902,4500832,63,1,1,0.0,0.0,0.0,99.42857142857143,2.1587301587301586,11.0,1.099870499471049,2.5263945430283146,2.019449960389212
1657783,4500832,63,1,1,0.0,0.0,0.0,99.42857142857143,2.1587301587301586,11.0,1.099870499471049,2.5263945430283146,2.019449960389212
14447551,4500832,63,1,1,0.0,0.0,0.0,86.33333333333333,1.6031746031746033,11.714285714285714,0.758336478136008,2.4371055449947994,1.5647347025874974
182549440,4500832,67,1,1,0.0,0.0,0.0,98.8955223880597,1.9253731343283582,10.328358208955224,0.9638767193684425,2.294203855185708,1.6326531867596126
11103170,4500832,92,1,4,1.0,2.0,1.0,114.44565217391305,1.9673913043478262,11.434782608695652,1.193329665768122,2.594398564960093,2.1459348380707155
145091522,4500832,124,2,14,1.5219280948873621,3.6644977792004623,2.321928094887362,87.30645161290323,1.653225806451613,10.959677419354838,0.823054774544281,2.3176749766948457,1.5480312207410156
182039492,4500832,67,1,1,0.0,0.0,0.0,98.8955223880597,1.9253731343283582,10.328358208955224,0.9638767193684425,2.294203855185708,1.6326531867596126
141218762,4500832,137,2,3,0.9182958340544896,1.584962500721156,1.584962500721156,99.85401459854015,1.802919708029197,10.423357664233576,1.0891142057634713,2.4497514831298894,1.9749197268435328
47215562,4500832,63,1,2,0.0,1.0,1.0,99.42857142857143,2.1587301587301586,10.984126984126984,1.099870499471049,2.510521527155299,2.003576944516196
6611920,4500832,63,4,7,1.5,2.8073549220576046,2.0,99.42857142857143,2.111111111111111,10.904761904761905,1.0760609756615251,2.4818333537893054,1.9877039286431804
140479442,4500832,92,1,4,0.9182958340544896,2.0,1.584962500721156,114.44565217391305,1.9673913043478262,11.434782608695652,1.1942177545283992,2.5943985649600925,2.1395765500193984
65852392,4500832,283,12,5,1.3709505944546687,2.321928094887362,2.321928094887362,80.45583038869258,1.5123674911660778,10.964664310954063,0.9527700450440111,2.4341909584119215,1.795150039829735
11981803,4500832,92,1,5,1.3709505944546687,2.321928094887362,2.321928094887362,114.44565217391305,1.9673913043478262,11.423913043478262,1.1892975940892667,2.5908993465374044,2.131566054430636
24976372,4500832,151,2,4,0.0,2.0,0.0,101.35099337748345,1.7682119205298013,10.483443708609272,1.0526242972332631,2.4077254734509035,1.8777386320165164
47586292,4500832,63,1,1,0.0,0.0,0.0,99.42857142857143,2.1587301587301586,11.0,1.099870499471049,2.5263945430283146,2.019449960389212
143076342,4500832,92,1,1,0.0,0.0,0.0,114.44565217391305,1.9673913043478262,11.467391304347826,1.2041992309855132,2.616137695394875,2.1568044032881066
50084862,4500832,96,2,7,2.2359263506290326,2.8073549220576046,2.8073549220576046,85.26041666666667,1.8229166666666667,11.322916666666666,0.933474135877005,2.3939614469147377,1.7092187143730377
98978822,4500832,92,1,8,1.5,2.75,2.0,114.44565217391305,1.9673913043478262,11.391304347826088,1.1878948831594263,2.586246391047049,2.1350652728533244
182014982,4500832,147,3,6,1.584962500721156,2.584962500721156,1.584962500721156,77.83673469387755,1.619047619047619,11.02721088435374,0.8649483024712514,2.3610076761029126,1.6167377763865394
13347850,4500832,67,1,3,0.0,1.584962500721156,1.0,98.8955223880597,1.9253731343283582,10.298507462686567,0.9638767193684425,2.2705476984585267,1.6177278136252842
139471892,4500832,92,1,10,0.7642045065086203,3.121928094887362,3.169925001442312,114.44565217391305,1.9673913043478262,11.369565217391305,1.1958926602625934,2.582203694363491,2.12234869675069
22649881,4500832,57,1,3,1.0,1.584962500721156,1.0,81.29824561403508,1.719298245614035,11.43859649122807,0.8009364627408748,2.4218636298277705,1.5326247415940488
45489192,4500832,63,1,3,0.0,1.584962500721156,1.0,99.42857142857143,2.1587301587301586,10.968253968253968,1.099870499471049,2.5012364080962333,2.003576944516196
37456942,4500832,171,3,6,1.5219280948873621,2.2516291673878226,2.321928094887362,95.28654970760233,1.7660818713450293,11.333333333333334,1.0853089762536259,2.5239703492701038,1.9634653442533705
8457263,4500832,63,1,13,1.9609640474436814,3.5465935642949384,3.321928094887362,99.42857142857143,2.1587301587301586,10.80952380952381,1.068744086019562,2.4700994070871256,1.9667209430100476
182611017,4500832,67,1,1,0.0,0.0,0.0,98.8955223880597,1.9253731343283582,10.328358208955224,0.9638767193684425,2.294203855185708,1.6326531867596126
88798282,4500832,63,1,29,1.4911148500551858,4.857980995127571,3.459431618637298,86.33333333333333,1.6031746031746033,11.26984126984127,0.7346679884525924,2.3599947355483297,1.5098230895932545
123001932,4500832,137,2,5,0.0,2.321928094887362,1.0,99.85401459854015,1.802919708029197,10.408759124087592,1.0958170950631392,2.4443721722235665,1.97918952611887
15023191,4500832,57,1,7,1.6644977792004616,2.8073549220576046,2.8073549220576046,81.29824561403508,1.719298245614035,11.368421052631579,0.7892786069654282,2.4004181487516925,1.5009167605053189
195232867,4500832,63,1,1,0.0,0.0,0.0,86.33333333333333,1.6031746031746033,11.714285714285714,0.758336478136008,2.4371055449947994,1.5647347025874974
195302499,4500832,63,1,1,0.0,0.0,0.0,86.33333333333333,1.6031746031746033,11.714285714285714,0.758336478136008,2.4371055449947994,1.5647347025874974
113507432,4500832,137,2,7,0.0,2.8073549220576046,0.0,99.85401459854015,1.802919708029197,10.394160583941606,1.0958170950631392,2.440828910711375,1.9864887961918627
58528882,4500832,67,1,3,1.0,1.584962500721156,1.0,98.8955223880597,1.9253731343283582,10.298507462686567,0.9489513462341141,2.2705476984585267,1.6177278136252842
30231672,4500832,32,1,43,2.1842612638641032,5.019060684834029,4.277613436819114,100.71875,2.75,14.40625,1.3660456389913742,3.204169354711578,2.5308136671050976
138267772,4500832,63,1,2,1.0,1.0,1.0,86.33333333333333,1.6031746031746033,11.698412698412698,0.7424634622629921,2.4212325291217835,1.5488616867144815
156363902,4500832,63,1,1,0.0,0.0,0.0,99.42857142857143,2.1587301587301586,11.0,1.099870499471049,2.5263945430283146,2.019449960389212
7664766,4500832,67,1,18,2.0494520727893946,3.9477027792200903,3.459431618637298,98.8955223880597,1.9253731343283582,10.074626865671641,0.9332878824611381,2.235282918182423,1.581019879018757
8858755,4500832,63,1,12,1.3787834934861756,3.584962500721156,2.5216406363433186,99.42857142857143,2.1587301587301586,10.825396825396826,1.0779850471934906,2.469490376350201,1.9794239185424927
188787855,4500832,114,2,4,1.5,2.0,2.0,78.99122807017544,1.5263157894736843,10.649122807017545,0.7072984911915201,2.3724979160322923,1.4724565461456365
88794272,4500832,88,2,20,2.1800365325772657,3.8219280948873626,4.0,94.11363636363636,2.147727272727273,12.375,1.1569350322662766,2.7195738307102157,2.1235346239439665
137665702,4500832,32,1,47,1.454024912849659,5.341822894230832,4.807354922057602,100.71875,2.75,14.28125,1.3888655249605755,3.194083035667928,2.514259245691395
195155132,4500832,63,1,3,0.0,1.584962500721156,0.0,86.33333333333333,1.6031746031746033,11.682539682539682,0.758336478136008,2.411947410062717,1.5647347025874974
65389762,4500832,63,1,14,1.6577427265048887,3.6644977792004623,2.94770277922009,86.33333333333333,1.6031746031746033,11.507936507936508,0.7320231015248192,2.3789389135789185,1.517945769584004
21738691,4500832,57,1,6,0.9709505944546686,2.584962500721156,2.321928094887362,81.29824561403508,1.719298245614035,11.385964912280702,0.8014461014346526,2.4043197701786476,1.5094330206311126
1219780,4500832,92,1,9,0.9182958340544896,2.94770277922009,2.584962500721156,114.44565217391305,1.9673913043478262,11.380434782608695,1.1942177545283992,2.584097447794657,2.1287069848020077
189019343,4500832,57,1,1,0.0,0.0,0.0,81.29824561403508,1.719298245614035,11.473684210526315,0.8184803223899977,2.449669989489545,1.5501686012431717
26901722,4500832,57,1,2,0.0,1.0,1.0,81.29824561403508,1.719298245614035,11.456140350877194,0.8184803223899977,2.432126129840422,1.5326247415940488
2970845,4500832,63,1,16,1.2987949406953985,3.75,3.0,86.33333333333333,1.6031746031746033,11.476190476190476,0.7377206854265572,2.3775817354709896,1.51711565496845
142066912,4500832,92,1,3,0.0,1.584962500721156,1.0,114.44565217391305,1.9673913043478262,11.445652173913043,1.2041992309855132,2.598909842126167,2.1459348380707155
30289132,4500832,92,1,8,1.3787834934861756,2.75,2.8073549220576046,114.44565217391305,1.9673913043478262,11.391304347826088,1.1892124538824027,2.5862463910470495,2.1262896758744376
12942580,4500832,124,4,9,2.5216406363433186,2.94770277922009,2.8073549220576046,99.90322580645162,1.8387096774193548,11.870967741935484,1.1206700554112372,2.6379924927562097,2.0808881352018704
188972279,4500832,57,1,5,0.0,1.9219280948873623,0.0,81.29824561403508,1.719298245614035,11.403508771929825,0.8184803223899977,2.415951952737135,1.5501686012431717
195337464,4500832,63,1,26,0.0,4.315824333525707,0.0,86.33333333333333,1.6031746031746033,11.317460317460318,0.758336478136008,2.3686003968435974,1.5647347025874974
188988673,4500832,57,1,1,0.0,0.0,0.0,81.29824561403508,1.719298245614035,11.473684210526315,0.8184803223899977,2.449669989489545,1.5501686012431717
194176258,4500832,63,1,1,0.0,0.0,0.0,86.33333333333333,1.6031746031746033,11.714285714285714,0.758336478136008,2.4371055449947994,1.5647347025874974
189023497,4500832,57,1,1,0.0,0.0,0.0,81.29824561403508,1.719298245614035,11.473684210526315,0.8184803223899977,2.449669989489545,1.5501686012431717
66632972,4500832,67,1,2,0.0,1.0,0.0,98.8955223880597,1.9253731343283582,10.313432835820896,0.9638767193684425,2.2792784820513794,1.6326531867596126
10986765,4500832,63,1,16,0.9709505944546686,4.0,2.321928094887362,99.42857142857143,2.1587301587301586,10.761904761904763,1.084458585273356,2.4629024795362513,1.9825939588830634
185412876,4500832,57,1,16,1.3709505944546687,3.75,1.9219280948873623,81.29824561403508,1.719298245614035,11.210526315789474,0.7944285575750034,2.383880515805335,1.5164505644907618
113202472,4500832,32,1,21,3.0053148568942807,4.106603137064474,4.247927513443588,100.71875,2.75,15.09375,1.340387714209181,3.232683653079377,2.5317413522105827
76705072,4500832,63,1,1,0.0,0.0,0.0,86.33333333333333,1.6031746031746033,11.714285714285714,0.758336478136008,2.4371055449947994,1.5647347025874974
184917300,4500832,37,1,4,0.0,2.0,0.0,82.27027027027027,2.2972972972972974,12.432432432432432,1.0828327089287029,2.708774242245996,2.015815019483436
157496632,4500832,63,1,1,0.0,0.0,0.0,99.42857142857143,2.1587301587301586,11.0,1.099870499471049,2.5263945430283146,2.019449960389212
188081468,4500832,63,1,17,0.6500224216483541,3.8521687236032816,2.2516291673878226,86.33333333333333,1.6031746031746033,11.46031746031746,0.7480186619193675,2.375960009699509,1.528994557073405
193045821,4500832,63,1,20,0.6500224216483541,4.021928094887363,2.584962500721156,86.33333333333333,1.6031746031746033,11.412698412698413,0.7480186619193675,2.3732654165045237,1.5237035517823996
88450372,4500832,37,1,4,0.9182958340544896,2.0,1.584962500721156,82.27027027027027,2.2972972972972974,12.432432432432432,1.058013902602906,2.708774242245996,1.9729781951396212
11844933,4500832,32,2,12,1.7924812503605778,3.4182958340544896,2.584962500721156,100.71875,2.71875,15.375,1.3782887644133592,3.254193256298439,2.5837090088581585
182461765,4500832,57,1,5,0.0,2.321928094887362,1.584962500721156,81.29824561403508,1.719298245614035,11.403508771929825,0.8184803223899977,2.408934408877486,1.5223622415813969
61240652,4500832,57,1,2,0.0,1.0,1.0,81.29824561403508,1.719298245614035,11.456140350877194,0.8184803223899977,2.432126129840422,1.5326247415940488
89048402,4500832,57,1,7,1.0,2.8073549220576046,2.0,81.29824561403508,1.719298245614035,11.368421052631579,0.8009364627408748,2.400418148751693,1.515080881944926
100234592,4500832,92,1,10,2.0,3.321928094887362,3.0,114.44565217391305,1.9673913043478262,11.369565217391305,1.1824601005507307,2.5800297813200124,2.124195707635933
85828972,4500832,124,2,1,0.0,0.0,0.0,87.30645161290323,1.653225806451613,11.064516129032258,0.8353283882127276,2.3472273781400106,1.5667564473126878
99063172,4500832,63,1,6,0.0,2.584962500721156,1.0,99.42857142857143,2.1587301587301586,10.920634920634921,1.099870499471049,2.485363392223217,2.003576944516196
5729672,4500832,97,2,14,1.188721875540867,3.6644977792004623,3.584962500721156,87.0618556701031,2.020618556701031,11.391752577319588,1.0460220379495633,2.5323824140560296,1.9230648496448781
184759691,4500832,57,1,1,0.0,0.0,0.0,81.29824561403508,1.719298245614035,11.473684210526315,0.8184803223899977,2.449669989489545,1.5501686012431717
186402190,4500832,57,1,8,2.0,2.5,2.0,81.29824561403508,1.719298245614035,11.350877192982455,0.7833926030917521,2.405810340366738,1.515080881944926
75595152,4500832,245,5,39,2.633206219346495,4.785151577725659,4.221928094887362,87.28979591836735,1.5714285714285714,9.906122448979591,0.9314093263857097,2.317473371723157,1.713880719782567
31452572,4500832,64,3,31,1.7295739585136223,4.760647923290102,3.584962500721156,79.703125,2.15625,13.5625,1.1789233427802228,2.924735404241621,2.223633738896582
12713377,4500832,92,1,1,0.0,0.0,0.0,114.44565217391305,1.9673913043478262,11.467391304347826,1.2041992309855132,2.616137695394875,2.1568044032881066
140021172,4500832,92,1,2,0.0,1.0,1.0,114.44565217391305,1.9673913043478262,11.456521739130435,1.2041992309855132,2.605268130177484,2.1459348380707155
139341242,4500832,92,1,2,0.0,1.0,0.0,114.44565217391305,1.9673913043478262,11.456521739130435,1.2041992309855132,2.605268130177484,2.1568044032881066
7734714,4500832,63,1,11,1.5566567074628228,3.459431618637298,2.8073549220576046,99.42857142857143,2.1587301587301586,10.841269841269842,1.075161662844655,2.4714829300340724,1.9748887711502026
43255232,4500832,37,2,7,1.0,2.5216406363433186,1.0,82.27027027027027,2.27027027027027,12.35135135135135,1.0558056819016761,2.6946758466691496,1.9887879924564094
77147592,4500832,57,1,4,0.9182958340544896,2.0,1.584962500721156,81.29824561403508,1.719298245614035,11.421052631578947,0.8023698691609715,2.4145822701913,1.5223622415813969
181556682,4500832,37,1,4,0.0,2.0,0.0,82.27027027027027,2.2972972972972974,12.432432432432432,1.0828327089287029,2.708774242245996,2.015815019483436
52710862,4500832,118,2,1,0.0,0.0,0.0,83.7542372881356,1.6271186440677967,10.38135593220339,0.8598530488716889,2.2943821640628768,1.5401765054285357
54779342,4500832,67,1,44,2.1258145836939115,5.013757971491004,4.334962500721156,98.8955223880597,1.9253731343283582,9.686567164179104,0.9321481434924139,2.2193716466559916,1.567952253913028
194006482,4500832,63,1,6,1.0,2.584962500721156,1.0,86.33333333333333,1.6031746031746033,11.634920634920634,0.7424634622629921,2.3960743941897014,1.5488616867144815
44942822,4500832,67,1,7,1.6644977792004616,2.8073549220576046,2.8073549220576046,98.8955223880597,1.9253731343283582,10.238805970149254,0.9390334689326147,2.252303035453505,1.5907523670274093
71740902,4500832,67,5,1,0.0,0.0,0.0,98.8955223880597,1.8656716417910448,10.328358208955224,0.9638767193684425,2.294203855185708,1.6326531867596126
183829990,4500832,63,1,1,0.0,0.0,0.0,86.33333333333333,1.6031746031746033,11.714285714285714,0.758336478136008,2.4371055449947994,1.5647347025874974
192687591,4500832,63,1,12,0.0,3.584962500721156,1.584962500721156,86.33333333333333,1.6031746031746033,11.53968253968254,0.758336478136008,2.3802013783166855,1.5395765676554154
143230442,4500832,92,1,1,0.0,0.0,0.0,114.44565217391305,1.9673913043478262,11.467391304347826,1.2041992309855132,2.616137695394875,2.1568044032881066
113051122,4500832,63,1,11,0.5916727785823275,3.2776134368191165,2.8073549220576046,86.33333333333333,1.6031746031746033,11.555555555555555,0.7489448467299394,2.385079934886559,1.5201735133484877
182560243,4500832,63,1,18,0.5916727785823275,3.9477027792200903,2.8073549220576046,86.33333333333333,1.6031746031746033,11.444444444444445,0.7489448467299393,2.3744435961182897,1.5201735133484877
107861492,4500832,225,4,2,1.0,1.0,1.0,88.92,1.64,11.462222222222222,0.9880820715234137,2.496236528434033,1.8418211539241984
76539392,4500832,67,1,9,1.6644977792004616,3.169925001442312,2.5216406363433186,98.8955223880597,1.9253731343283582,10.208955223880597,0.9390334689326147,2.2468915417313453,1.5950167593515032
14775811,4500832,92,4,8,2.75,2.75,3.0,114.44565217391305,1.934782608695652,11.391304347826088,1.174307926637687,2.5862463910470495,2.124195707635933
127553032,4500832,92,1,4,0.0,2.0,1.584962500721156,114.44565217391305,1.9673913043478262,11.434782608695652,1.2041992309855132,2.5943985649600925,2.1395765500193984
142253582,4500832,92,1,17,1.9508257945180885,4.08746284125034,3.418295834054489,114.44565217391305,1.9673913043478262,11.293478260869565,1.1829946027842297,2.571708751468241,2.1196490137875146
186287641,4500832,114,2,1,0.0,0.0,0.0,78.99122807017544,1.5263157894736843,10.675438596491228,0.7204563859283621,2.390041775681415,1.4900004057947593
76443172,4500832,63,1,2,1.0,1.0,1.0,86.33333333333333,1.6031746031746033,11.698412698412698,0.7424634622629921,2.4212325291217835,1.5488616867144815
133742122,4500832,67,1,1,0.0,0.0,0.0,98.8955223880597,1.9253731343283582,10.328358208955224,0.9638767193684425,2.294203855185708,1.6326531867596126
118597172,4500832,92,1,10,1.3709505944546687,2.9219280948873623,1.9219280948873623,114.44565217391305,1.9673913043478262,11.369565217391305,1.189297594089267,2.584377607406969,2.135913880517592
165799482,4500832,90,2,9,1.1488348542809168,3.169925001442312,2.8073549220576046,89.92222222222222,1.9222222222222223,11.944444444444445,1.0573019963699948,2.531334434826091,1.8669251968240543
136058442,4500832,37,1,3,0.0,1.584962500721156,0.0,82.27027027027027,2.2972972972972974,12.45945945945946,1.0828327089287029,2.7199914719562353,2.015815019483436
183221835,4500832,37,1,42,2.2396275363413567,5.201841232302571,4.5638561897747225,82.27027027027027,2.2972972972972974,11.405405405405405,1.022302234973531,2.622237992724305,1.8924675548949303
16762451,4500832,96,2,7,1.0,2.5216406363433186,1.0,85.26041666666667,1.8229166666666667,11.322916666666666,0.9463483686960573,2.396937637390928,1.7280453281444712
85810772,4500832,92,1,3,0.0,1.584962500721156,1.0,114.44565217391305,1.9673913043478262,11.445652173913043,1.2041992309855132,2.598909842126167,2.1459348380707155
10102370,4500832,57,1,1,0.0,0.0,0.0,81.29824561403508,1.719298245614035,11.473684210526315,0.8184803223899977,2.449669989489545,1.5501686012431717
9700980,4500832,63,1,47,3.5750063909622467,5.325761458014587,4.825164052322361,99.42857142857143,2.1587301587301586,10.26984126984127,1.043124366281172,2.441858646869353,1.9428600547967936
2072181,4500832,92,1,2,1.0,1.0,1.0,114.44565217391305,1.9673913043478262,11.456521739130435,1.193329665768122,2.605268130177484,2.1459348380707155
126742142,4500832,92,1,9,1.9056390622295662,2.9477027792200903,3.0,114.44565217391305,1.9673913043478262,11.380434782608695,1.1834857629178006,2.5840974477946568,2.124195707635933
182582936,4500832,67,1,1,0.0,0.0,0.0,98.8955223880597,1.9253731343283582,10.328358208955224,0.9638767193684425,2.294203855185708,1.6326531867596126
182570665,4500832,124,2,2,1.0,1.0,1.0,87.30645161290323,1.653225806451613,11.056451612903226,0.8272638720836951,2.3391628620109786,1.5586919311836556
3677866,4500832,67,1,4,0.0,2.0,0.0,98.8955223880597,1.9253731343283582,10.283582089552239,0.9638767193684425,2.264353108917051,1.6326531867596126
182595249,4500832,67,1,1,0.0,0.0,0.0,98.8955223880597,1.9253731343283582,10.328358208955224,0.9638767193684425,2.294203855185708,1.6326531867596126
193095355,4500832,63,1,1,0.0,0.0,0.0,86.33333333333333,1.6031746031746033,11.714285714285714,0.758336478136008,2.4371055449947994,1.5647347025874974
2008770,4500832,151,4,13,2.1556390622295662,3.3927474104487847,3.0,101.35099337748345,1.7549668874172186,10.42384105960265,1.0383485418542593,2.3985019806664747,1.8578710823476416
121302722,4500832,124,2,1,0.0,0.0,0.0,99.90322580645162,1.8548387096774193,11.935483870967742,1.1410058669946512,2.661764289362823,2.103528094250722
77197012,4500832,137,3,7,1.7924812503605778,2.8073549220576046,2.584962500721156,99.85401459854015,1.7956204379562044,10.394160583941606,1.0827332903159814,2.440828910711375,1.9676204567705402
183541463,4500832,37,1,57,1.2567796494470393,5.328418303600468,4.1219280948873624,82.27027027027027,2.2972972972972974,11.0,1.04886569137608,2.6188169907973347,1.9044115574594536
190545625,4500832,63,1,1,0.0,0.0,0.0,86.33333333333333,1.6031746031746033,11.714285714285714,0.758336478136008,2.4371055449947994,1.5647347025874974
186998499,4500832,63,1,1,0.0,0.0,0.0,86.33333333333333,1.6031746031746033,11.714285714285714,0.758336478136008,2.4371055449947994,1.5647347025874974
78118632,4500832,57,1,18,1.8423709931771088,4.169925001442313,2.8073549220576046,81.29824561403508,1.719298245614035,11.175438596491228,0.7861580242640835,2.376513410516873,1.5009167605053189
3323627,4500832,92,1,4,1.584962500721156,2.0,1.584962500721156,114.44565217391305,1.9673913043478262,11.434782608695652,1.186971377716805,2.594398564960093,2.139576550019399
38573812,4500832,92,1,23,1.7695459925589747,4.436605434317882,3.8073549220576055,114.44565217391305,1.9673913043478262,11.228260869565217,1.1849650354142198,2.5679137232827243,2.1154201106570456
157503222,4500832,63,1,1,0.0,0.0,0.0,99.42857142857143,2.1587301587301586,11.0,1.099870499471049,2.5263945430283146,2.019449960389212
182607625,4500832,67,1,2,0.0,1.0,1.0,98.8955223880597,1.9253731343283582,10.313432835820896,0.9638767193684425,2.2792784820513794,1.6177278136252842
5187349,4500832,57,1,12,1.9219280948873623,3.584962500721156,2.321928094887362,81.29824561403508,1.719298245614035,11.280701754385966,0.7847622856375878,2.3867759105295248,1.5094330206311126
8386328,4500832,57,1,19,2.521640636343318,3.932138039759377,3.6644977792004623,81.29824561403508,1.719298245614035,11.157894736842104,0.7742410129804658,2.3806851115990297,1.4858791665203563
48072472,4500832,57,1,36,0.5435644431995964,4.815622570826658,3.0,81.29824561403508,1.719298245614035,10.859649122807017,0.8089441040882505,2.3651853829838143,1.4975370222958029
142139172,4500832,92,1,10,1.0,3.321928094887362,2.0,114.44565217391305,1.9673913043478262,11.369565217391305,1.193329665768122,2.5800297813200124,2.1350652728533244
119713572,4500832,67,2,5,1.5,2.321928094887362,2.0,98.8955223880597,1.9104477611940298,10.26865671641791,0.94148865966695,2.2595482119784336,1.6028024404909558
182589222,4500832,67,1,8,0.0,3.0,2.321928094887362,98.8955223880597,1.9253731343283582,10.223880597014926,0.9638767193684425,2.2494277357827226,1.5979975435523384
173741862,4500832,172,4,7,1.4591479170272448,2.8073549220576046,2.584962500721156,77.29069767441861,1.6395348837209303,12.145348837209303,0.909965085707794,2.517139719453557,1.750497126716323
13207341,4500832,92,1,6,0.7219280948873623,2.584962500721156,2.321928094887362,114.44565217391305,1.9673913043478262,11.41304347826087,1.196352186475868,2.5880402769087762,2.1315660544306354
137010992,4500832,92,1,4,0.0,2.0,0.0,114.44565217391305,1.9673913043478262,11.434782608695652,1.2041992309855132,2.5943985649600925,2.1568044032881066
142346042,4500832,92,1,2,0.0,1.0,0.0,114.44565217391305,1.9673913043478262,11.456521739130435,1.2041992309855132,2.605268130177484,2.1568044032881066
139032382,4500832,92,1,7,0.6500224216483541,2.8073549220576046,2.584962500721156,114.44565217391305,1.9673913043478262,11.402173913043478,1.19713376988064,2.5856229679812053,2.1287069848020073
139980612,4500832,92,1,3,0.0,1.584962500721156,0.0,114.44565217391305,1.9673913043478262,11.445652173913043,1.2041992309855132,2.598909842126167,2.1568044032881066
162395972,4500832,67,1,7,0.0,2.5216406363433186,1.584962500721156,98.8955223880597,1.9253731343283582,10.238805970149254,0.9638767193684425,2.2565674277775987,1.608997030032431
182595399,4500832,67,1,1,0.0,0.0,0.0,98.8955223880597,1.9253731343283582,10.328358208955224,0.9638767193684425,2.294203855185708,1.6326531867596126
129740632,4500832,57,1,2,0.0,1.0,0.0,81.29824561403508,1.719298245614035,11.456140350877194,0.8184803223899977,2.432126129840422,1.5501686012431717
58718042,4500832,37,1,4,0.0,2.0,1.0,82.27027027027027,2.2972972972972974,12.432432432432432,1.0828327089287029,2.708774242245996,1.9887879924564094
184315747,4500832,37,1,1,0.0,0.0,0.0,82.27027027027027,2.2972972972972974,12.513513513513514,1.0828327089287029,2.76282829630005,2.015815019483436
127176552,4500832,32,1,6,1.0,2.584962500721156,1.0,100.71875,2.75,15.5625,1.4030538034871274,3.2802349229651053,2.6332390870056948
13064053,4500832,67,1,11,2.2359263506290326,3.095795255000934,2.8073549220576046,98.8955223880597,1.9253731343283582,10.17910447761194,0.9305046842844271,2.2479979558573358,1.5907523670274093
14421878,4500832,67,1,6,1.5,2.584962500721156,1.5,98.8955223880597,1.9253731343283582,10.253731343283581,0.94148865966695,2.2556223253241985,1.61026512705812
188868476,4500832,63,1,1,0.0,0.0,0.0,86.33333333333333,1.6031746031746033,11.714285714285714,0.758336478136008,2.4371055449947994,1.5647347025874974
45395842,4500832,92,1,12,1.974937501201927,3.418295834054489,3.169925001442312,114.44565217391305,1.9673913043478262,11.347826086956522,1.182732519015927,2.578982305894283,2.1223486967506906
182593411,4500832,67,1,1,0.0,0.0,0.0,98.8955223880597,1.9253731343283582,10.328358208955224,0.9638767193684425,2.294203855185708,1.6326531867596126
98879372,4500832,141,3,31,1.9591479170272446,4.7362967135428935,3.418295834054489,80.49645390070921,1.673758865248227,11.24822695035461,0.9307077034023178,2.4346040034342167,1.7004637654598667
3245979,4500832,63,1,71,2.520169264378967,5.801086732150263,5.072140159802107,86.33333333333333,1.6031746031746033,10.603174603174603,0.718333791399834,2.3450248032146366,1.4842245413207973
182243252,4500832,67,1,34,2.1556390622295662,4.73452166477975,3.0,98.8955223880597,1.9253731343283582,9.835820895522389,0.9317030020217325,2.2235393527263088,1.5878770673566274
122974132,4500832,63,1,11,0.6500224216483541,3.277613436819116,2.584962500721156,86.33333333333333,1.6031746031746033,11.555555555555555,0.7480186619193674,2.3850799348865594,1.5237035517823998
43302842,4500832,92,1,6,1.584962500721156,2.584962500721156,2.584962500721156,114.44565217391305,1.9673913043478262,11.41304347826087,1.186971377716805,2.588040276908776,2.1287069848020073
73725882,4500832,67,1,5,1.0,2.321928094887362,1.0,98.8955223880597,1.9253731343283582,10.26865671641791,0.9489513462341141,2.2595482119784336,1.6177278136252842
126107592,4500832,63,1,9,1.1488348542809168,2.94770277922009,2.5216406363433186,99.42857142857143,2.1587301587301586,10.873015873015873,1.081635025593574,2.4796056100248216,1.9794239185424927
154099662,4500832,67,1,20,0.0,4.221928094887362,1.584962500721156,98.8955223880597,1.9253731343283582,10.044776119402986,0.9638767193684425,2.2311900030232104,1.608997030032431
174933982,4500832,114,2,100,4.233046886924665,6.038562939644927,6.126565558303687,78.99122807017544,1.5263157894736843,9.807017543859649,0.683324395692181,2.3370719253336527,1.436258602651744
147779552,4500832,63,1,3,0.0,1.584962500721156,0.0,99.42857142857143,2.1587301587301586,10.968253968253968,1.099870499471049,2.5012364080962324,2.019449960389212
143108072,4500832,92,1,1,0.0,0.0,0.0,114.44565217391305,1.9673913043478262,11.467391304347826,1.2041992309855132,2.616137695394875,2.1568044032881066
11818987,4500832,92,2,12,2.6464393446710153,3.584962500721156,3.321928094887362,114.44565217391305,1.9565217391304348,11.347826086956522,1.1754335859347411,2.5771707116913847,2.1206964892132443
127475692,4500832,137,2,7,1.7924812503605778,2.5216406363433186,2.584962500721156,99.85401459854015,1.802919708029197,10.394160583941606,1.0827332903159814,2.442914416446516,1.9676204567705402
183152628,4500832,37,1,17,1.896240625180289,3.969815782426811,3.418295834054489,82.27027027027027,2.2972972972972974,12.08108108108108,1.0315829623022086,2.6555359778560828,1.9234286455900718
187340789,4500832,57,1,10,0.9182958340544896,3.321928094887362,2.584962500721156,81.29824561403508,1.719298245614035,11.31578947368421,0.8023698691609715,2.391390549228363,1.504818381932274
