member,group_id,r1,r2,r3,r4,r5,r6
209483776,18467897,15.169950532752416,0.0,0.020292865591099486,0.0,0.0,0.0
203669506,18467897,0.5258213948588454,0.0,0.24110158263344775,0.0,0.0,0.0
193067020,18467897,0.3943660087707191,0.0,0.25958552414549774,0.0,0.0,0.0
191553558,18467897,0.36807494559701115,0.0,0.23368668614606297,0.0,0.0,0.0
145295382,18467897,1.1042250204030892,0.0,0.314122879285157,0.0,0.0,0.0
10747926,18467897,0.6835678272275628,0.0,0.28411640219632384,0.0,0.0,0.0
154404892,18467897,0.21033213205456136,0.00020524469089477308,0.19188790318821217,0.0,0.09769777938593992,0.0
184664092,18467897,0.15634918013945134,2.241413505741424,0.11882664973142755,0.0,0.13543584283165422,0.6792731340774552
189145117,18467897,0.754201062469473,1.8585808431237243,0.18123673314496708,1.43135271516881,0.3673729960218057,1.8919638643121703
198352926,18467897,0.5521124686586469,0.0,0.24460738847939273,0.0,0.0,0.0
194572320,18467897,0.15774638099858643,0.0,0.15127031212732722,0.0,0.0,0.0
200411164,18467897,0.6046946252767352,0.0,0.2326137815592748,0.0,0.0,0.0
202426400,18467897,0.07887317549611629,0.0,0.10725228996329628,0.0,0.0,0.0
11493411,18467897,0.026288877587357855,0.0,0.0,0.0,0.0,9.465288783939945e-08
187824164,18467897,2.0693316932242625,1.858631116954338,0.12119215818531912,1.4440439690499052,0.4469976244367052,1.5941467916120455
199739434,18467897,0.42065709120115713,0.0,0.24490344905119155,0.0,0.0,0.0
183337004,18467897,1.2882655914308139,7.914686013421962e-05,0.24647921360599845,0.0,0.4280165670773402,0.0
45121582,18467897,0.5437810333410328,1.858713466962501,0.1812021550670086,1.4292571837053063,0.3532852605266645,1.939602579672846
192673842,18467897,1.8403770669069883,0.0,0.3125924395565901,0.0,0.2316257670145528,0.0
191981625,18467897,0.1519810720364558,1.406917591085999,0.1197866879404742,0.23286918025428416,0.11585209020839667,2.4541384554176484
3311673,18467897,0.4469442560105351,0.0,0.23196069376501494,0.00015355315407826605,0.1459692282999076,0.0
136036412,18467897,0.49953022358493376,0.0,0.21509217139385906,0.0,0.36796725132541236,0.0
21340221,18467897,0.1314565166811527,4.141020505641563e-05,0.10574928956251417,0.0,0.2366982683292164,0.0
185159742,18467897,0.34178386399236366,0.0,0.24662852104505098,0.0,0.0,0.0
204040258,18467897,0.6835678347682081,0.0,0.26822552825664514,0.0,0.0,0.0
190853190,18467897,0.7624449401254241,0.00017677118457361585,0.2375693955015126,0.0,0.37482792457608544,0.0
163352652,18467897,0.2629143036683563,0.00020752359567443476,0.18526452218299,0.0,0.0975779619546166,0.0
197722188,18467897,0.1840374386018051,0.0,0.18890819074977164,0.0,0.0,0.0
122005582,18467897,0.9464795438549224,0.0,0.2258333445113798,0.0,0.5007242460580533,0.0
188645456,18467897,0.26290449850159187,0.0,0.14545543597794997,0.00025404729589722055,0.22059231284864053,0.0
152053852,18467897,1.446012078164775,4.9991856988533926e-05,0.3055917123356462,0.0,0.4990115236310243,0.0
185835625,18467897,0.3943571243727869,0.0,0.15536745917170816,0.00036396835990772466,0.46008929663739434,0.0
71356522,18467897,0.9727726149043772,8.172844143496118e-05,0.25764576330357886,0.0,0.41872886221462174,0.0
203153514,18467897,0.47323923472369145,0.0,0.2605069226320132,0.0,0.0,0.0
203903081,18467897,1.2882625496323907,0.0,0.31204607329315764,0.0,0.0,0.0
29651052,18467897,2.4187820424846964,3.5047368278246954e-05,0.28223318907776423,0.0,0.463868729845863,0.0
216430699,18467897,1.6037555089729205,0.0,0.19871268824633703,0.0,0.0,0.0
191762563,18467897,0.5521124537059869,0.0,0.27611806482865975,0.0,0.0,0.0
195004550,18467897,0.04741664443763248,1.5600154402894535,0.016813877366923483,0.7784242111770552,0.10021024059261319,1.358033326846581
184776838,18467897,0.28075086466916177,1.8589795659189592,0.0962191812720243,1.4268684659951907,0.266267537534766,1.9995906081060646
199149705,18467897,0.999060720817917,0.0,0.30934247771582146,0.0,0.0,0.0
209995920,18467897,0.60469460715585,0.0,0.27080105724553016,0.0,0.0,0.0
193566867,18467897,0.6046946004005752,0.0,0.2850368707618349,0.0,0.0,0.0
196343956,18467897,0.6309856803934499,0.0,0.27549162530427374,0.0,0.0,0.0
178940052,18467897,0.3943620854657346,0.0,0.23589525850815216,0.00015325767612827353,0.14609651186523354,0.0
185151638,18467897,0.05258211884824133,0.0,0.06760115574191379,0.0,0.0,0.0
77607062,18467897,0.5258251598938009,0.00020715718513433107,0.1807238964287406,0.0,0.09689920331304391,0.0
205738137,18467897,1.2882625682378688,0.0,0.2728375850666999,0.0,0.0,0.0
187971738,18467897,2.6816895302610764,0.0,0.3519416635989665,0.0,0.0,0.0
196563099,18467897,0.5258213915912324,0.0,0.2479876280073085,0.0,0.0,0.0
111732892,18467897,0.49953030755487987,0.0,0.2660539474266686,0.0,0.0,0.0
9144476,18467897,2.2347383551839948,0.0,0.27391474149997164,0.00011588919003015829,0.46616750108776145,0.0
202813596,18467897,2.1032858902503113,0.0,0.30940657232846686,0.0,0.0,0.0
187343010,18467897,0.17554662782080632,1.86015476791155,0.09910658716078827,1.4253618082909976,0.03842870279984792,2.023563219895554
211222691,18467897,0.6572767511403342,0.0,0.2854310346319669,0.0,0.0,0.0
192622758,18467897,0.07887317549611629,0.0,0.10725228996329628,0.0,0.0,0.0
48773292,18467897,0.15774638099858643,0.0,0.15127031212732725,0.0,0.0,0.0
188907695,18467897,0.10516423769648266,0.0,0.13520231148382758,0.0,0.0,0.0
195430576,18467897,0.34178387907365426,0.0,0.21484677316569362,0.0,0.0,0.0
188686513,18467897,1.314559743578772,0.0003173552146995104,0.3031832160128557,0.0,0.15226957784313036,0.0
189675702,18467897,1.3145503692376368,0.0,0.24562741269476926,0.00012593356793175534,0.36348189092800914,0.0
191484088,18467897,0.15774637010654316,0.0,0.17422379670686314,0.0,0.0,0.0
198871225,18467897,0.26291065560932786,0.0,0.20868089516978142,0.0,0.0,0.0
124328122,18467897,0.25444498814815125,1.8585898685034614,0.13518487572979113,1.4268352810903608,0.21044712395877904,2.005686197192629
195262651,18467897,0.15774637010654316,0.0,0.17422379670686314,0.0,0.0,0.0
185163964,18467897,0.2892017203432045,0.0,0.23129189195523403,0.0,0.0,0.0
185133246,18467897,0.10516313176069372,0.0,0.11527704648548873,3.1221038620881664e-05,0.20098257912367412,0.0
193923268,18467897,0.39436601748435374,0.0,0.241222736481869,0.0,0.0,0.0
200331460,18467897,1.6037554501307614,0.0,0.3227144538050905,0.0,0.0,0.0
10741958,18467897,0.026288877587357855,0.0,0.0,0.0,0.0,9.465288783939945e-08
163166412,18467897,0.3680749409289926,0.0,0.24352389382300693,0.0,0.0,0.0
191633615,18467897,2.2060198321093347,1.4007276098858363,0.2443680464954227,0.3077977285483679,0.44362691231406587,0.726079600332361
102508752,18467897,0.6309915216643832,0.0003455599302959371,0.24877283403792066,0.0,0.15421896244037792,0.0
211284179,18467897,0.2892017404089845,0.0,0.1890060175595771,0.0,0.0,0.0
191246548,18467897,0.7624410527350998,0.0,0.28597649459892643,0.0,0.0,0.0
191754452,18467897,0.3154888249872965,0.0,0.2247735311941886,0.00015471481038959088,0.14633508006007984,0.0
198377694,18467897,0.05258211884824133,0.0,0.06760115574191379,0.0,0.0,0.0
207792350,18467897,0.420657104996381,0.0,0.2158319104041774,0.0,0.0,0.0
215302369,18467897,0.6835678358424395,0.0,0.2659617329679849,0.0,0.0,0.0
186386658,18467897,0.05258211884824133,0.0,0.06760115574191379,0.0,0.0,0.0
184938723,18467897,0.131455302939304,0.0,0.15674077717062995,0.0,0.0,0.0
23517411,18467897,0.36807624042279774,0.0,0.20801023710328856,0.0,0.3584735120068729,0.0
185200873,18467897,0.2366195782787892,0.0,0.21261563293155178,0.0,0.0,0.0
191629547,18467897,0.07887317549611629,0.0,0.10725228996329628,0.0,0.0,0.0
205232364,18467897,0.2103285356595426,0.0,0.1434010919350192,0.0,0.0,0.0
187117807,18467897,0.10516423769648266,0.0,0.13520231148382758,0.0,0.0,0.0
162414832,18467897,0.28521336855774265,0.9855206263545787,0.18108297988343294,0.7198169116512074,0.1689582280282296,0.8745876292978082
97165552,18467897,5.468553795090229,0.000489904982623923,0.28758810802092827,0.0,0.552875226482914,0.0
201339119,18467897,0.3154927974495483,0.0,0.2278296141656213,0.0,0.0,0.0
186222836,18467897,0.10516423769648266,0.0,0.13520231148382758,0.0,0.0,0.0
214614264,18467897,0.49953036612038937,0.0,0.142635182934399,0.0,0.0,0.0
208390394,18467897,0.7098589352514684,0.0,0.21549961110615715,0.0,0.0,0.0
209709308,18467897,0.18403744793784219,0.0,0.16923377539588372,0.0,0.0,0.0
207589629,18467897,1.7615019163269159,0.0,0.29444259634798065,0.0,0.0,0.0
194621694,18467897,0.1314512016827957,0.0,0.14213594329802054,0.0001644427798326841,0.14705038534996784,0.0
182563070,18467897,0.34177741193205535,0.0,0.21291814960069663,0.0002616508624766312,0.23275300673991264,0.0
206934270,18467897,1.5248822558726476,0.0,0.2550004953233858,0.0,0.0,0.0
195666177,18467897,0.2629143027796313,0.00020185391000974596,0.19904051266965217,0.0,0.0975395540986332,0.0
196868353,18467897,0.657276757355187,0.0,0.2723340861969664,0.0,0.0,0.0
11839747,18467897,0.5210270544749291,1.5583902275400474,0.19291233681018982,0.7861055038965867,0.3759828600675257,1.170441362270901
182587649,18467897,0.5521124599300117,0.0,0.2630017879260678,0.0,0.0,0.0
138193152,18467897,0.6835678630008786,0.0,0.2087290541911427,0.0,0.0,0.0
207012094,18467897,0.05258211884824133,0.0,0.06760115574191379,0.0,0.0,0.0
183525643,18467897,0.26290414700130177,0.0,0.18553586302789554,0.0002649231721117839,0.23303708237726642,0.0
140740882,18467897,1.2093893600596228,0.0,0.23445839284199022,0.0,0.0,0.0
211943704,18467897,0.5784035596683599,0.0,0.21184567047548908,0.0,0.0,0.0
81520922,18467897,5.442260053150721,0.00027979493868060746,0.2596219285612182,0.0,0.5728723680699597,0.0
73666842,18467897,1.1042170773127364,0.0,0.19599074235194217,0.0003300933314781958,0.45440974906971454,0.0
183591196,18467897,0.1840374386018051,0.0,0.18890819074977164,0.0,0.0,0.0
193280288,18467897,2.839438318463759,0.0,0.32793081716891154,0.0,0.22895520806514114,0.0
182778155,18467897,2.9446003045605984,0.0,0.3104992824631486,0.0,0.0,0.0
188842286,18467897,0.05258211884824133,0.0,0.06760115574191379,0.0,0.0,0.0
56279342,18467897,0.10516010997069412,0.0,0.12058441964057381,0.00016692045839999443,0.14717984779083645,0.0
8839470,18467897,0.5521145360600962,4.043971262484614e-05,0.22411284129889542,0.0,0.3925890996989882,0.0
198777141,18467897,0.6572767678115485,0.0,0.25029874100061195,0.0,0.0,0.0
187611447,18467897,0.1840374386018051,0.0,0.18890819074977164,0.0,0.0,0.0
43551032,18467897,1.4460089915266836,0.0,0.3349870513145165,0.0,0.0,0.0
203235649,18467897,0.026288877587357855,0.0,0.0,0.0,0.0,9.465288783939945e-08
211927363,18467897,0.21032850806909506,0.0,0.20154416922904755,0.0,0.0,0.0
205652293,18467897,0.9464785877912142,0.0,0.2716204813445119,0.0,0.0,0.0
184353095,18467897,0.7361549280951041,0.0002650006587852198,0.2364316306720883,0.0,0.46057553894946934,0.0
28600652,18467897,0.9201874903777644,0.0,0.31787719471978715,0.0,0.0,0.0
188821837,18467897,0.6572799733189809,0.00011614943267029308,0.26705045316847864,0.0,0.26228794276059153,0.0
186276175,18467897,1.1830946760803216,0.0,0.29536220519826145,0.00014446325155731217,0.14385566042156175,0.0
209666384,18467897,0.4206571019130307,0.0,0.22232964739424999,0.0,0.0,0.0
198492499,18467897,0.42065708557496584,0.0,0.25675987426355384,0.0,0.0,0.0
205672787,18467897,0.28920175004877696,0.0,0.16869147946559074,0.0,0.0,0.0
189968728,18467897,0.4206651453796551,0.0005507962069388589,0.2177278077256276,0.0,0.2207159198145047,0.0
4039007,18467897,0.705204366905409,1.5584115245850483,0.1873956189340858,0.7891909040977219,0.3752704132673302,1.0982011187931742
201077088,18467897,0.05258211884824133,0.0,0.06760115574191379,0.0,0.0,0.0
190900577,18467897,0.15774638099858643,0.0,0.15127031212732722,0.0,0.0,0.0
191998306,18467897,0.9727696418074772,0.0,0.31681737610562327,0.0,0.0,0.0
11942243,18467897,0.4469460049289806,0.0,0.2272551592881048,6.5794502713361e-05,0.357099561397078,0.0
207319395,18467897,0.6309856912854932,0.0,0.2525381407247379,0.0,0.0,0.0
186204533,18467897,0.3154928083415915,0.0,0.20487612958608542,0.0,0.0,0.0
196010359,18467897,0.2629160350514975,0.0003603468787494101,0.16140447690568643,0.0,0.14703743583620482,0.0
25583992,18467897,0.256737173463368,1.1108602735367,0.1484004928491886,1.203858453834129,0.22561329869543484,1.2215280470489225
198115707,18467897,0.3943660234856245,0.0,0.22857588292201603,0.0,0.0,0.0
196278661,18467897,1.7352108178301004,0.0,0.34298235480329015,0.0,0.0,0.0
128121222,18467897,0.5733229930850471,1.403538064674025,0.23350494448073528,0.24858304885313875,0.2450503779024255,2.09866623518279
204224907,18467897,0.3154928137876131,0.0,0.19339938729631748,0.0,0.0,0.0
184488337,18467897,0.7089294471778071,1.8477328023236497,0.23839121201002703,0.10091079652418712,0.3265572933956534,0.3023080173510397
171911572,18467897,0.131455302939304,0.0,0.15674077717062995,0.0,0.0,0.0
193112468,18467897,0.7624425287847957,0.0,0.2558540279289242,0.0,0.2742483019534216,0.0
3697050,18467897,1.1830847420756032,0.0,0.23583895904256713,0.0005620875666712182,0.6605321921365849,0.0
12159388,18467897,1.261977573613266,0.00032559168722221947,0.2842567259585005,0.0,0.15246062904664603,0.0
40765852,18467897,0.10516010997069412,0.0,0.12058441964057381,0.00016692045839999443,0.14717984779083645,0.0
137761182,18467897,0.7015903603240671,1.8578842966089482,0.16803098295940183,1.4312219677893312,0.45637198689922776,1.903945084522323
4084127,18467897,0.8657920832409675,1.5433909347736474,0.22072471365892385,0.3106405078508339,0.4302856417567162,0.41967124200968725
198762911,18467897,0.1840374386018051,0.0,0.18890819074977164,0.0,0.0,0.0
199518622,18467897,1.2619714806526106,0.0,0.29838273502811125,0.0,0.0,0.0
201523621,18467897,1.3145536167603513,0.0,0.32961186665054776,0.0,0.0,0.0
193610152,18467897,1.1568087225242094,0.0,0.2615129561708738,0.0,0.3776112117465865,0.0
1542577,18467897,0.3943617824774706,0.0,0.20751577355234366,0.00015453693673137147,0.43245666036576114,0.0
13953458,18467897,0.4995261716361652,0.0,0.2115669980645016,0.00015095433513324913,0.4487534663931375,0.0
194308534,18467897,0.6835678247140143,0.0,0.28941336017621677,0.0,0.0,0.0
151089592,18467897,0.30705265557440997,1.8585721726045779,0.1433487764867762,1.4272285059096375,0.2981057431936943,1.9935310516811775
182940089,18467897,0.604697594175476,0.00011520902821225081,0.22453831044483916,0.0,0.3234044464507252,0.0
187441593,18467897,0.5784035359039019,0.0,0.2619260004672037,0.0,0.0,0.0
211820985,18467897,0.7624410541380464,0.0,0.28301997695904246,0.0,0.0,0.0
183339454,18467897,0.34178515625494643,6.083082070424811e-07,0.18591529629570444,0.0,0.35860449428037783,0.0
194050494,18467897,2.182167142492829,0.0004343946592915709,0.30792094653912144,0.0,0.36867581785669995,0.0
149135812,18467897,1.3366757476866913,1.5584550045581627,0.23567820295065797,0.7994818835596751,0.39107131467949335,0.8500064823706892
192389574,18467897,0.26291064907410194,0.0,0.22245298591750295,0.0,0.0,0.0
209873353,18467897,0.44694816208318905,0.0,0.2545580532130973,0.0,0.0,0.0
186388939,18467897,0.23661958554015136,0.0,0.19731330987852783,0.0,0.0,0.0
192903636,18467897,0.3154928083415915,0.0,0.20487612958608542,0.0,0.0,0.0
188875221,18467897,0.6572805840731987,0.00018188105045840972,0.239423446295622,0.0,0.0963898382689175,0.0
195846615,18467897,0.26291065560932786,0.0,0.20868089516978147,0.0,0.0,0.0
215273944,18467897,0.21032850806909506,0.0,0.20154416922904755,0.0,0.0,0.0
192166365,18467897,0.07887317549611629,0.0,0.10725228996329628,0.0,0.0,0.0
25954782,18467897,0.15267078468154335,1.5602398182521804,0.12835511229239163,0.7796898274064843,0.05059535002840559,1.3161316549817266
209715678,18467897,0.28920172628431895,0.0,0.21877180945730537,0.0,0.0,0.0
183038432,18467897,2.1821573041477875,0.0,0.32021769913562054,6.447589160050338e-05,0.41763941333696997,0.0
200229348,18467897,0.21032852440715993,0.0,0.1671139423597437,0.0,0.0,0.0
211468777,18467897,0.499530332258942,0.0,0.21399353088932022,0.0,0.0,0.0
199979498,18467897,0.7361499776874026,0.0,0.2851004575035858,0.0,0.0,0.0
151521772,18467897,0.20912779469653772,2.238644099397651,0.16176800385004375,0.0,0.2087300160360931,0.5787642686863641
195834349,18467897,0.2892017203432045,0.0,0.23129189195523403,0.0,0.0,0.0
196276719,18467897,0.31549279200352665,0.0,0.23930635645538922,0.0,0.0,0.0
193151472,18467897,0.47323923972475035,0.0,0.2499678779988023,0.0,0.0,0.0
3287537,18467897,0.972770107569102,0.0,0.27319393691493815,0.0,0.31338634221189016,0.0
56549882,18467897,0.28920302445714,3.175722220173991e-06,0.19539145574868186,0.0,0.23603349258024317,0.0
8679933,18467897,3.286380995818187,0.0,0.16134707708861795,0.00015894607378625806,0.46822089566156105,0.0
8258045,18467897,0.1840386840133827,1.6375434788956335e-05,0.16549165540749045,0.0,0.23639342129490404,0.0
208163326,18467897,0.6835678517469451,0.0,0.23244517299878165,0.0,0.0,0.0
210739713,18467897,0.3417838740465574,0.0,0.22544068912547938,0.0,0.0,0.0
196033033,18467897,1.9192483621233198,0.0,0.3091604108797053,0.0,0.0,0.0
194013707,18467897,0.23661958554015136,0.0,0.19731330987852783,0.0,0.0,0.0
10131981,18467897,0.578397360621176,0.0,0.24644897833368573,0.0002452218604064159,0.3213562549364432,0.0
111528462,18467897,0.21032850806909506,0.0,0.20154416922904755,0.0,0.0,0.0
11209232,18467897,0.44694816977169016,0.0,0.2383555935098955,0.0,0.0,0.0
203428369,18467897,0.3680749867957395,0.0,0.1468660269539068,0.0,0.0,0.0
205828628,18467897,1.1305161050905728,0.0,0.2946843909077467,0.0,0.0,0.0
183126551,18467897,1.5248798504455592,0.0,0.22090857548554732,8.554575857430395e-05,0.5007967980122193,0.0
198347287,18467897,1.735210823721772,0.0,0.33056646596573386,0.0,0.0,0.0
115329562,18467897,5.047886384204826,0.0,0.22078419978958924,0.0,0.0,0.0
190568990,18467897,0.6835658490233987,0.0,0.2517779284940767,5.832608535840802e-05,0.3796304772242598,0.0
134810142,18467897,0.4732363883005767,0.0,0.2152478949289327,9.275012649934967e-05,0.4564917426057687,0.0
13257248,18467897,1.0961319306561867,1.8581104092167116,0.14836848648465925,1.4348802626360422,0.4946737280857766,1.814495307179672
198687264,18467897,0.5521124778392926,0.0,0.22526043891524705,0.0,0.0,0.0
116220452,18467897,0.26291080394471095,0.0,0.15843941211779733,0.0,0.315574572409407,0.0
202375719,18467897,0.6572767642107861,0.0,0.2578868531365238,0.0,0.0,0.0
186767914,18467897,0.14923808227289562,1.8593354582635289,0.09386712883605683,1.425527035218412,0.14132191113089154,2.029568367594913
216396346,18467897,0.4995303213132503,0.0,0.23706007216830746,0.0,0.0,0.0
204831297,18467897,0.026288877587357855,0.0,0.0,0.0,0.0,9.465288783939945e-08
130093642,18467897,0.2807427453778323,1.8580745022399068,0.12903763789267983,1.4274070886040793,0.23490687902685212,1.999871845020411
185080395,18467897,0.21032850806909506,0.0,0.20154416922904755,0.0,0.0,0.0
191267403,18467897,0.10516425403454753,0.0,0.10077208461452378,0.0,0.0,0.0
194306638,18467897,0.6835710586736266,0.00011440377117212568,0.27074890459394707,0.0,0.26220848956846693,0.0
193342037,18467897,0.21032851623812748,0.0,0.18432905579439562,0.0,0.0,0.0
116507222,18467897,0.20528387716963142,1.5582549757480386,0.13136623414530219,0.7813273924164955,0.2949094810800355,1.2951589411454638
106021462,18467897,1.2093899190332271,0.0,0.29622348549642596,0.0,0.4963292532482613,0.0
186061401,18467897,0.31549281584318,0.0,0.1890675626362691,0.0,0.0,0.0
10291803,18467897,4.942722043121997,0.0,0.3034544079118677,0.0,0.0,0.0
201390687,18467897,0.920187491540206,0.0,0.31542750867531183,0.0,0.0,0.0
196829794,18467897,0.34178386399236366,0.0,0.24662852104505098,0.0,0.0,0.0
193553000,18467897,0.30705930637541856,1.8595632393528199,0.12543715207710948,1.4267466749681617,0.2039890804286795,1.9934816263863286
205816428,18467897,0.6572767537544246,0.0,0.2799221983328783,0.0,0.0,0.0
197458545,18467897,1.6037554473884221,0.0,0.32849355663696145,0.0,0.0,0.0
152808052,18467897,0.9201934599633729,0.0003225157786604902,0.29879064502889646,0.0,0.15331895151113478,0.0
68082292,18467897,0.8413129348539122,0.0,0.24027683102021993,3.706235520448183e-05,0.31723058128587317,0.0
182948471,18467897,0.10516010997069412,0.0,0.12058441964057381,0.00016692045839999443,0.14717984779083645,0.0
55040632,18467897,0.7098576147511938,0.0,0.23548893586014907,2.632904732411111e-05,0.44723848753051826,0.0
68999802,18467897,0.6835670595285273,0.0,0.26108740943269326,1.3363008839009032e-05,0.19905326356324868,0.0
203707003,18467897,1.3671357925254257,0.0,0.27726861738830044,0.0,0.0,0.0
201892476,18467897,0.4206571149110395,0.0,0.19493812962545265,0.0,0.0,0.0
184932994,18467897,0.7887380156437012,0.0003311423017942065,0.2688704922219117,0.0,0.3035056681757264,0.0
185131650,18467897,0.625707244296973,1.6619473774691846,0.2694533498586441,0.019163918357956368,0.05077337060898948,2.530851163918064
195093123,18467897,0.9727756334091899,0.00033648220242926983,0.2637693668687128,0.0,0.15327830823031746,0.0
202470021,18467897,1.0253517983650022,0.0,0.30495139791467313,0.0,0.0,0.0
215184012,18467897,1.1830982717979561,0.0,0.26142898045370017,0.0,0.0,0.0
207315605,18467897,0.1314553160097559,0.0,0.1291965956751869,0.0,0.0,0.0
24504982,18467897,0.4995264369744328,0.0,0.26607831666509657,0.00014960084492382934,0.1457354503813499,0.0
8778395,18467897,0.49952215126734173,0.0,0.19516719682784775,0.00033818553752866504,0.29372781512894686,0.0
142701212,18467897,0.49647050567035844,1.055777280679836,0.1822739623527641,0.7346534591179485,0.3954267291867501,0.4023689327082579
176534172,18467897,1.02535378489696,0.0,0.29124092768713095,0.0,0.33013145752481543,0.0
213349021,18467897,0.6309856907540166,0.0,0.25365815464354907,0.0,0.0,0.0
212038303,18467897,1.0779339918460946,0.0,0.2152740740469056,0.0,0.0,0.0
215032482,18467897,0.47323923472369145,0.0,0.2605069226320132,0.0,0.0,0.0
206283429,18467897,0.4469481813044419,0.0,0.21405190395509277,0.0,0.0,0.0
202011306,18467897,0.28920173446787006,0.0,0.20152610005750576,0.0,0.0,0.0
63263402,18467897,0.7098616468631321,8.597364186532551e-05,0.2362708233465041,0.0,0.29784506371251895,0.0
127204012,18467897,6.178411679383149,0.000372006521077645,0.27387867065975935,0.0,0.48690745198188873,0.0
107799212,18467897,0.026288877587357855,0.0,0.0,0.0,0.0,9.465288783939945e-08
207823535,18467897,0.05258211884824133,0.0,0.06760115574191379,0.0,0.0,0.0
186768050,18467897,0.07887317549611629,0.0,0.10725228996329628,0.0,0.0,0.0
202166967,18467897,0.18403744793784219,0.0,0.16923377539588372,0.0,0.0,0.0
205609657,18467897,2.2084501972424153,0.0,0.29857788326868895,0.0,0.0,0.0
206275257,18467897,0.5521124537059869,0.0,0.27611806482865975,0.0,0.0,0.0
56177362,18467897,0.6046946306062124,0.0,0.2677262304767976,0.0,0.235112452823193,0.0
198636263,18467897,1.051642868024054,0.0,0.31718326463579793,0.0,0.0,0.0
61321962,18467897,0.8893630611432026,1.6565429749886398,0.22347369016561117,0.03676454225389473,0.4446934287346178,2.1406898885882066
192606956,18467897,0.42065841964423695,0.0,0.20041677482702752,0.0,0.27530241235533115,0.0
177787632,18467897,1.2584998826814477,1.6557823124601239,0.2451626710357991,0.059509059230651085,0.52378212239725,1.5967360132340982
183945970,18467897,0.10516423769648266,0.0,0.13520231148382758,0.0,0.0,0.0
198714099,18467897,0.736149980021412,0.0,0.28018185366511383,0.0,0.0,0.0
187101940,18467897,0.6046907759159039,0.0,0.25036387715211306,0.00015106757719373533,0.14550283944478157,0.0
192670452,18467897,0.4732392274623293,0.0,0.2758092456850372,0.0,0.0,0.0
215663350,18467897,0.10516423769648266,0.0,0.13520231148382758,0.0,0.0,0.0
185393912,18467897,0.36807401686405544,0.0,0.21385875431730633,1.9497608516343593e-05,0.20001520950073903,0.0
191937274,18467897,0.27911396242724035,1.2065765068495489,0.0920255392656536,2.3281462132774267,0.2228177355379368,1.4681866851434109
30642942,18467897,0.1051576119985869,0.0,0.11199478749279479,0.0002735638229023863,0.23365778231216314,0.0
183608065,18467897,0.43855581437475427,1.8572262815964113,0.14094923172251012,1.429194757099665,0.4442192611427953,1.9638656617082588
88339212,18467897,0.274244160799514,0.0,0.06421726452864861,4.461050457928988,0.11930956393698094,0.6973327120774592
193665805,18467897,0.7361499782594976,0.0,0.28389484623086964,0.0,0.0,0.0
193512216,18467897,0.4732423762674724,0.00013111862796596487,0.2344805033833317,0.0,0.26286274133879073,0.0
215640858,18467897,1.656337642431518,0.0,0.2355245249924323,0.0,0.0,0.0
199643931,18467897,0.36807494735892565,0.0,0.22997369358030725,0.0,0.0,0.0
203522847,18467897,0.6835678812934242,0.0,0.1701800278414536,0.0,0.0,0.0
193739553,18467897,0.2579124184466171,1.5591951308913004,0.1490302933122876,0.7817507401192204,0.18882210536765553,1.2744940491738712
7592749,18467897,0.9464685185162283,0.0,0.2333657872543134,0.0004147375567979589,0.4991112999066701,0.0
203424557,18467897,1.1568071661006272,0.0,0.32514283139015776,0.0,0.0,0.0
13812528,18467897,0.07887317549611629,0.0,0.10725228996329628,0.0,0.0,0.0
88736562,18467897,1.1830957381160583,0.0,0.2739359754270073,8.146307547521171e-05,0.49381045511695154,0.0
48935732,18467897,6.257275021859244,0.0,0.191466939964122,7.563238783618293e-05,0.7192239645814142,0.0
12821303,18467897,0.7887262796543052,0.0,0.21591747675447195,0.00023439166654884075,0.37894770997308663,0.0
100602682,18467897,0.5521162401084372,0.00017262040082326765,0.26409699348893295,0.0,0.09659761492724246,0.0
192746299,18467897,0.4469481712226786,0.0,0.23529783492633197,0.0,0.0,0.0
198132539,18467897,0.4995303122927252,0.0,0.2560695893531004,0.0,0.0,0.0
2995007,18467897,0.7887307491176689,0.0,0.2564163997382042,2.800377319954969e-05,0.4749871984483604,0.0
8780610,18467897,0.05258211884824133,0.0,0.06760115574191379,0.0,0.0,0.0
26630982,18467897,0.07887317549611629,0.0,0.10725228996329628,0.0,0.0,0.0
188740422,18467897,0.49953030067569465,0.0,0.2805508850558492,0.0,0.0,0.0
205161287,18467897,0.9727696764435396,0.0,0.24382663336396443,0.0,0.0,0.0
157727562,18467897,0.15774637010654316,0.0,0.17422379670686314,0.0,0.0,0.0
194800464,18467897,0.57840935036208,0.0003452682098939149,0.2505678286562042,0.0,0.15435224155121977,0.0
196182867,18467897,0.446948167378428,0.0,0.24339906477793283,0.0,0.0,0.0
198605653,18467897,0.5258213772874405,0.0,0.2781309042987806,0.0,0.0,0.0
8530779,18467897,0.7098647812921812,0.00036305867816566526,0.20462575505620198,0.0,0.15413462034996836,0.0
185760604,18467897,0.9990681534341994,0.00044559452299486617,0.2865306292393157,0.0,0.1941455614309188,0.0
214690653,18467897,0.5521124848261105,0.0,0.2105366803157002,0.0,0.0,0.0
188246886,18467897,0.34178727601216286,0.00017222485357783895,0.21262425732353,0.0,0.08922303702452276,0.0
183470954,18467897,0.23661949898807763,0.0,0.18829293054542892,0.0,0.24543935859829497,0.0
196442986,18467897,0.07887317549611629,0.0,0.10725228996329628,0.0,0.0,0.0
88046442,18467897,0.3417838690194605,0.0,0.23603460508526514,0.0,0.0,0.0
186968941,18467897,0.6835678442062997,0.0,0.24833604693846026,0.0,0.0,0.0
2607982,18467897,4.206568374489177,0.0,0.26559855956919093,0.00015667569325320324,0.7908757395016596,0.0
204764026,18467897,1.866666243085563,0.0,0.24195863373011212,0.0,0.0,0.0
210830203,18467897,0.15774638099858643,0.0,0.15127031212732725,0.0,0.0,0.0
2548605,18467897,0.5521062620656205,0.0,0.1999040808512388,0.00025048956334828903,0.3215556648191128,0.0
215970686,18467897,0.2366195955422693,0.0,0.17623522061210606,0.0,0.0,0.0
4555659,18467897,0.8676053566195187,0.0,0.2816968246889293,0.0,0.0,0.0
186837900,18467897,0.1577499626319596,0.00021694466272111968,0.16454593187453065,0.0,0.0979122931922029,0.0
55888782,18467897,1.34084469230005,0.0,0.32945107870312895,0.0,0.0,0.0
196019087,18467897,2.050711576756059,0.0004340496731945496,0.2928582085253246,0.0,0.19136224781383837,0.0
197456783,18467897,0.05258211884824133,0.0,0.06760115574191379,0.0,0.0,0.0
202685332,18467897,3.207511066490043,0.0,0.2951251402039817,0.0,0.0,0.0
188746647,18467897,0.2892017203432045,0.0,0.23129189195523403,0.0,0.0,0.0
205507483,18467897,0.8938964445283246,0.0,0.255469842069056,0.0,0.0,0.0
191978397,18467897,0.9727696449070949,0.0,0.31028535720512657,0.0,0.0,0.0
202167198,18467897,0.18403746079770808,0.0,0.14213337491048436,0.0,0.0,0.0
195840927,18467897,0.2544388377292584,1.858643689456211,0.15602144678216323,1.4265473862233105,0.0,2.006639950019654
206072740,18467897,0.26291064907410194,0.0,0.22245298591750295,0.0,0.0,0.0
206875561,18467897,0.788732131599095,0.0,0.2788102078536055,0.0,0.0,0.0
205945773,18467897,0.49953031703057055,0.0,0.24608523127953222,0.0,0.0,0.0
183153584,18467897,0.23661555604699558,0.0,0.1827477445205659,0.00015962178217545086,0.14666013757439966,0.0
205376436,18467897,2.839435977862277,0.0,0.36285611758137576,0.0,0.0,0.0
133477302,18467897,1.1305201198395247,0.00014651998772648723,0.3155667863982061,0.0,0.09493299599100304,0.0
6833078,18467897,1.314556901966252,9.898292411321687e-05,0.23798633372448788,0.0,0.5249998515133204,0.0
197073847,18467897,0.9464785725833008,0.0,0.3036690690039092,0.0,0.0,0.0
187808697,18467897,3.023473504171497,0.0,0.36693298236779087,0.0,0.0,0.0
194513858,18467897,1.3408446996744599,0.0,0.31391052322808505,0.0,0.0,0.0
197200835,18467897,0.7098588998895049,0.0,0.29002009051561245,0.0,0.0,0.0
198937538,18467897,0.28920174635009904,0.0,0.1764859350616484,0.0,0.0,0.0
198800332,18467897,2.2873234017278765,0.0,0.3447391120478672,0.0,0.0,0.0
141261772,18467897,0.05258211884824133,0.0,0.06760115574191379,0.0,0.0,0.0
192095185,18467897,0.07178944423211131,1.0874139597581671,0.08521738125033955,0.37172510075229553,0.0,2.8842278173769023
206961617,18467897,0.15774637010654316,0.0,0.17422379670686314,0.0,0.0,0.0
198288339,18467897,1.9981215920418842,0.0,0.3017248706114664,0.0,0.0,0.0
78908372,18467897,1.047324778665833,1.4008322309508725,0.19830829822315427,0.2664006944350809,0.5075572334939771,1.699625674160905
171170772,18467897,0.6572799745196708,0.00012380905052848066,0.24843939997451664,0.0,0.2623398309099388,0.0
183919574,18467897,1.3408488045081859,0.0001442383824265062,0.31676581262630743,0.0,0.09437651864257691,0.0
211182556,18467897,0.2892017203432045,0.0,0.23129189195523403,0.0,0.0,0.0
190415838,18467897,0.3417838690194605,0.0,0.23603460508526514,0.0,0.0,0.0
182903774,18467897,0.49952216070709127,0.0,0.22964265266457984,0.0003343370230070917,0.2936313307584259,0.0
14207970,18467897,0.07887317549611629,0.0,0.10725228996329628,0.0,0.0,0.0
197970914,18467897,0.394366021841171,0.0,0.23204134265005474,0.0,0.0,0.0
199515110,18467897,0.3943660131275364,0.0,0.2504041303136834,0.0,0.0,0.0
184062956,18467897,1.7050227436421297,1.5579697976127633,0.24332296647820537,0.8060981185921055,0.29568973127628423,0.7060341513635225
187737072,18467897,0.1840430727030131,0.0003884276304129926,0.15384705512151153,0.0,0.1556590288919623,0.0
185588725,18467897,0.5784027155986874,0.0,0.25858353862098366,1.3929996795320626e-05,0.19933686098167702,0.0
189672438,18467897,0.762441047377468,0.0,0.2972669673877199,0.0,0.0,0.0
77411322,18467897,0.07887317549611629,0.0,0.10725228996329628,0.0,0.0,0.0
197698554,18467897,0.6572767501536622,0.0,0.28751031046879005,0.0,0.0,0.0
192261117,18467897,0.8938964330915499,0.0,0.2795712733419591,0.0,0.0,0.0
206222334,18467897,0.3417838878956438,0.0,0.1962556424488954,0.0,0.0,0.0
193756161,18467897,0.5784073256494011,0.00017206331061813134,0.26490749882409836,0.0,0.0965262134115367,0.0
184691716,18467897,0.10516423769648266,0.0,0.13520231148382758,0.0,0.0,0.0
113732612,18467897,0.701592444034728,1.8584767972536198,0.14153330823526059,1.4310250399946305,0.35680761334242966,1.904080104673272
2956298,18467897,7.230051214432028,6.413458772819931e-05,0.19811239623234705,0.0,0.749107992737199,0.0
191777810,18467897,0.5258213870902794,0.0,0.25747276817719833,0.0,0.0,0.0
187016217,18467897,0.2629143027796313,0.00020185391000974596,0.19904051266965217,0.0,0.0975395540986332,0.0
196695067,18467897,0.6309856776704392,0.0,0.2812299964491577,0.0,0.0,0.0
208444449,18467897,1.077933975260835,0.0,0.25022523029853694,0.0,0.0,0.0
184814632,18467897,0.10211680042436509,1.5498463190070197,0.10680552449157084,0.28180761350120775,0.05410090279840983,1.0637802589270677
197422123,18467897,0.07887317549611629,0.0,0.10725228996329628,0.0,0.0,0.0
182500396,18467897,0.15774637010654316,0.0,0.17422379670686314,0.0,0.0,0.0
184532013,18467897,0.5473258267194598,1.5576178847074953,0.1959816916809786,0.7872497100182403,0.2608766766471807,1.1609203975205535
9057326,18467897,0.7098647777521303,0.00034047466650034705,0.25949954317284146,0.0,0.1539816306572642,0.0
208673843,18467897,0.815023228152049,0.0,0.23436687081214644,0.0,0.0,0.0
216190006,18467897,0.2366195928015135,0.0,0.18201098682550398,0.0,0.0,0.0
13276217,18467897,0.131455302939304,0.0,0.15674077717062995,0.0,0.0,0.0
12852285,18467897,3.996250695269614,0.00030976629555430504,0.2857996355338023,0.0,0.6140571198651278,0.0
199748673,18467897,0.49953032261150304,0.0,0.23432418290932955,0.0,0.0,0.0
187984963,18467897,1.13051609681014,0.0,0.31213426556676893,0.0,0.0,0.0
195771460,18467897,5.968082890565915,0.00037874096410431767,0.25012185702185086,0.0,0.3066094616293597,0.0
190041155,18467897,0.6046907798149309,0.0,0.2646037393455458,0.00014947797336960821,0.14546298720478373,0.0
210482245,18467897,0.6309856776704392,0.0,0.2812299964491577,0.0,0.0,0.0
202734663,18467897,0.4469481935378619,0.0,0.18827165193740117,0.0,0.0,0.0
211598416,18467897,0.6046946060833803,0.0,0.2730611396768597,0.0,0.0,0.0
187630673,18467897,0.6309856870032224,0.0,0.26156243811845725,0.0,0.0,0.0
82596952,18467897,0.8938997444103306,0.0001189356500060043,0.25539278167210405,0.0,0.26169816845001154,0.0
183012441,18467897,0.8676076298247094,4.2079410645311004e-05,0.22449847324157002,0.0,0.4407018280633415,0.0
198784090,18467897,0.3943660191288072,0.0,0.23775727675383035,0.0,0.0,0.0
190960732,18467897,0.019061808510432026,1.088880748303867,0.0,0.3693388580730716,0.0,2.919847625719175
184570978,18467897,0.6046882851228399,0.0,0.26799324419055887,0.00025478410007328823,0.231907396440829,0.0
182682723,18467897,0.07886901650254056,0.0,0.09261951669762078,0.0001701140661033673,0.1473272589679366,0.0
195243106,18467897,0.026288877587357855,0.0,0.0,0.0,0.0,9.465288783939945e-08
200416356,18467897,0.6309856858394716,0.0,0.2640148830145059,0.0,0.0,0.0
200467560,18467897,0.3943660131275364,0.0,0.2504041303136834,0.0,0.0,0.0
199599209,18467897,0.10516423769648266,0.0,0.13520231148382758,0.0,0.0,0.0
204092531,18467897,0.8676053566195187,0.0,0.28169682468892926,0.0,0.0,0.0
200666228,18467897,0.2103285407452248,0.0,0.1326837154904399,0.0,0.0,0.0
200160373,18467897,0.39436601748435374,0.0,0.241222736481869,0.0,0.0,0.0
186838136,18467897,0.736149973591479,0.0,0.29373205390781354,0.0,0.0,0.0
185304186,18467897,0.6835678247140143,0.0,0.2894133601762167,0.0,0.0,0.0
21234811,18467897,0.5521008840291094,0.0,0.21543875791790587,0.0004816427528467421,0.41285492810694396,0.0
193023101,18467897,1.3065614839585327,1.8593648944541021,0.262673041697956,1.4362914231491422,0.09273986644181859,1.7670074383370844
31517822,18467897,1.288263135511854,0.0,0.2762328345909964,0.0,0.41958457402483273,0.0
197553278,18467897,0.15774638099858643,0.0,0.15127031212732722,0.0,0.0,0.0
205493376,18467897,0.8150232030921586,0.0,0.28717714675972894,0.0,0.0,0.0
194057352,18467897,0.15774637010654316,0.0,0.17422379670686314,0.0,0.0,0.0
139289742,18467897,0.4469442573918844,0.0,0.23700559940044863,0.00015298998842528847,0.14595510942800993,0.0
5029006,18467897,2.129576895398686,0.0,0.31556647705555246,0.0,0.5381221222445752,0.0
197188752,18467897,0.49953030755487987,0.0,0.2660539474266686,0.0,0.0,0.0
186492049,18467897,0.7624501891089085,0.0006050940344132682,0.26637545383596156,0.0,0.246354772059785,0.0
215837841,18467897,1.1830982608917169,0.0,0.28441238108804706,0.0,0.0,0.0
200352915,18467897,0.4995303109944725,0.0,0.25880547861207837,0.0,0.0,0.0
204207254,18467897,0.07887317549611629,0.0,0.10725228996329628,0.0,0.0,0.0
201540759,18467897,0.0788731972802028,0.0,0.06134532080422452,0.0,0.0,0.0
37381272,18467897,0.23661305807488836,0.0,0.17415811237278694,0.0002662651466778424,0.2331380720957263,0.0
12067992,18467897,0.26291064907410194,0.0,0.22245298591750295,0.0,0.0,0.0
201348251,18467897,0.47323923109301036,0.0,0.26815808415852516,0.0,0.0,0.0
202327200,18467897,0.31549280289556986,0.0,0.21635287187585336,0.0,0.0,0.0
215401633,18467897,1.551173335910201,0.0,0.2453610962008831,0.0,0.0,0.0
135779492,18467897,0.3909518221917592,1.3889599387805813,0.2148370179955084,0.3544955748890581,0.11476944586203414,1.1359856106137882
42812582,18467897,0.6572798473703826,0.00012291026335401113,0.21582404063971916,0.0,0.42468559711897763,0.0
191208619,18467897,1.4460089898899735,0.0,0.3384361931944764,0.0,0.0,0.0
188109997,18467897,0.1840374386018051,0.0,0.18890819074977164,0.0,0.0,0.0
202446000,18467897,0.10516423769648266,0.0,0.13520231148382758,0.0,0.0,0.0
12539057,18467897,1.7877877365328307,0.0,0.2713015134576939,0.00021207122995113995,0.48013026356452565,0.0
208706739,18467897,0.7624410693603625,0.0,0.2509410377623372,0.0,0.0,0.0
70991032,18467897,0.05258211884824133,0.0,0.06760115574191379,0.0,0.0,0.0
191843512,18467897,0.47323923109301036,0.0,0.26815808415852516,0.0,0.0,0.0
173700282,18467897,0.07886901650254056,0.0,0.09261951669762078,0.0001701140661033673,0.1473272589679366,0.0
118451392,18467897,0.07500564751622268,1.3912909750117117,0.07762775027567204,0.34433446945374846,0.0582139127541216,1.3695679577857638
216310980,18467897,0.4995303273493484,0.0,0.22433982483576137,0.0,0.0,0.0
186029254,18467897,0.578407326053367,0.0001746404404657179,0.2586456849665246,0.0,0.09654367152789282,0.0
191859913,18467897,0.1840374386018051,0.0,0.18890819074977164,0.0,0.0,0.0
189144267,18467897,0.3417838740465574,0.0,0.2254406891254794,0.0,0.0,0.0
192883915,18467897,0.6309929574557877,0.0004635697333685856,0.2504584173403937,0.0,0.19521411704139155,0.0
88595662,18467897,0.9990700471197366,0.000596415728397672,0.29460535232888535,0.0,0.3598374590518334,0.0
186823887,18467897,0.05258211884824133,0.0,0.06760115574191379,0.0,0.0,0.0
202431695,18467897,1.6826286765812943,0.0,0.3225873116044088,0.0,0.0,0.0
201153746,18467897,1.1305161110621664,0.0,0.28210007805012893,0.0,0.0,0.0
185023700,18467897,0.026288877587357855,0.0,0.0,0.0,0.0,9.465288783939945e-08
112307412,18467897,0.23661958554015136,0.0,0.19731330987852783,0.0,0.0,0.0
200688853,18467897,0.10516425403454753,0.0,0.10077208461452378,0.0,0.0,0.0
187714775,18467897,0.3943660131275364,0.0,0.25040413031368336,0.0,0.0,0.0
185853144,18467897,0.25791259509742587,1.5589575547825778,0.15887725425943586,0.7817828886969682,0.2284280611031247,1.2743461966733973
23479511,18467897,1.6563382421305408,0.0,0.26396178499839884,0.0,0.4192821211282526,0.0
205356246,18467897,1.1830982875641385,0.0,0.228203917431529,0.0,0.0,0.0
214248671,18467897,0.026288877587357855,0.0,0.0,0.0,0.0,9.465288783939945e-08
202089699,18467897,1.0253518006731832,0.0,0.3000872234685758,0.0,0.0,0.0
202966250,18467897,0.49953030755487987,0.0,0.26605394742666866,0.0,0.0,0.0
189613292,18467897,0.1301214147177416,1.489691136778171,0.10769707339048791,0.39328757416193555,0.22726297394255898,0.0661057842387896
192593133,18467897,2.9446003009287685,0.0,0.31815286429397577,0.0,0.0,0.0
193101036,18467897,2.3924956891753038,0.0004292745740845403,0.29740037469016467,0.0,0.190450740677427,0.0
8086771,18467897,1.5248743870490276,0.0,0.27840830010216405,0.0003171172704864163,0.5761224636501646,0.0
204186868,18467897,0.7887321360646863,0.0,0.26939958796897157,0.0,0.0,0.0
209872115,18467897,0.2366195955422693,0.0,0.17623522061210606,0.0,0.0,0.0
14284025,18467897,0.15774756716803368,2.0692130310003816e-05,0.14686780607731773,0.0,0.27614322481112846,0.0
186944766,18467897,1.708919360534885,0.0,0.2920247858227454,3.494809651428598e-06,0.3113723832692969,0.0
194764030,18467897,0.946478575528793,0.0,0.29746184903074674,0.0,0.0,0.0
197520641,18467897,1.2619714723034083,0.0,0.31597753138535756,0.0,0.0,0.0
143047942,18467897,0.2366185778369952,0.0,0.17744037136548085,2.3922362396338885e-05,0.20046286890723727,0.0
195978503,18467897,0.7624410496309942,0.0,0.2925179705781608,0.0,0.0,0.0
195083526,18467897,1.7877929915823632,0.0,0.2948808283041323,0.0,0.0,0.0
209290503,18467897,0.10516423769648266,0.0,0.13520231148382758,0.0,0.0,0.0
205974794,18467897,0.2366196028036315,0.0,0.1609328975590822,0.0,0.0,0.0
16528651,18467897,0.13145533401356818,0.0,0.09125603499562773,0.0,0.0,0.0
209472783,18467897,0.6309857163458682,0.0,0.19972684386595596,0.0,0.0,0.0
192769296,18467897,0.8676053566195187,0.0,0.2816968246889293,0.0,0.0,0.0
186424593,18467897,0.5784040597204715,0.0,0.2163910862423429,0.0,0.33319842861090215,0.0
181767442,18467897,0.2302115068295808,1.6627238880539703,0.17331467236830556,0.0,0.10159037104282265,3.1082797160653817
161309972,18467897,0.4206506750473546,0.0,0.23367011030227952,0.00025911869984689964,0.2324874869940623,0.0
207760661,18467897,1.9718305185454232,0.0,0.29757981569812775,0.0,0.0,0.0
200865050,18467897,0.47323923472369145,0.0,0.2605069226320132,0.0,0.0,0.0
187796763,18467897,2.1821590846740433,0.0,0.37677151272990533,0.0,0.0,0.0
189891870,18467897,0.2366232202680465,0.00022173714467866576,0.15127206327506973,0.0,0.09774187570712341,0.0
75898142,18467897,0.262911906424606,0.0,0.1951383769509423,0.0,0.27573207598053523,0.0
70329632,18467897,0.6046946043144474,0.0,0.27678892278801775,0.0,0.0,0.0
171873572,18467897,0.21032852749051018,0.0,0.16061620536967114,0.0,0.0,0.0
198565162,18467897,2.4450698534330084,0.0,0.3470050947551024,0.0,0.0,0.0
185386291,18467897,1.4197220609258907,0.00014125810786815547,0.32237789752600177,0.0,0.09415344657829987,0.0
38288692,18467897,1.1808080623721937,1.3854498495736172,0.24618711851543615,0.3798821171426663,0.4722885049351967,0.5532690090394121
182498613,18467897,0.28920538964207276,0.00020972728224347248,0.17936699521688101,0.0,0.09752526262506649,0.0
153390392,18467897,0.1038013415883409,1.4925534354978682,0.06888591908773918,0.391583552781449,0.05508786389847107,0.08615542950983518
112084282,18467897,0.7862783483051811,1.170651967401221,0.24463704721923007,0.4676396180177922,0.4397286166582913,0.5024763492100013
189916475,18467897,0.42065708965948206,0.0,0.24815231754622785,0.0,0.0,0.0
204238140,18467897,1.1568071892852925,0.0,0.27628433476441916,0.0,0.0,0.0
185982269,18467897,1.1830999284825334,0.0,0.29074383422695627,0.0,0.2334156270029016,0.0
197993794,18467897,1.8140840407834342,0.0,0.35022507946946524,0.0,0.0,0.0
187227460,18467897,0.15774637010654316,0.0,0.17422379670686314,0.0,0.0,0.0
201702725,18467897,1.2093893712124146,0.0,0.2109554164275561,0.0,0.0,0.0
208102727,18467897,0.8938964604281187,0.0,0.22196321048981368,0.0,0.0,0.0
172145992,18467897,0.05258211884824133,0.0,0.06760115574191379,0.0,0.0,0.0
11015500,18467897,0.709855117504496,0.0,0.2443171405570288,0.00015145509835049042,0.1452431720935036,0.0
17732941,18467897,0.13144870371068848,0.0,0.13354631115024154,0.00027108614433507674,0.2335283198712945,0.0
184982861,18467897,0.34177826729274563,0.0,0.16714220591210624,0.0002176118477139564,0.44059502796273636,0.0
101076302,18467897,1.5248822284299814,0.0,0.31283214333767745,0.0,0.0,0.0
200351055,18467897,0.44694816208318905,0.0,0.2545580532130973,0.0,0.0,0.0
12029265,18467897,4.942726720476926,7.051911068084144e-05,0.2239498246245654,0.0,0.6922292095707469,0.0
215483724,18467897,1.2093893392431532,0.0,0.2783262422405209,0.0,0.0,0.0
191163734,18467897,0.07887317549611629,0.0,0.10725228996329628,0.0,0.0,0.0
27180382,18467897,0.7624410518845204,0.0,0.28776897376860155,0.0,0.0,0.0
197967199,18467897,2.5502341647304325,0.0,0.32710353513927665,0.0,0.0,0.0
205538654,18467897,0.4732392630605046,0.0,0.2007909823116658,0.0,0.0,0.0
182857058,18467897,0.6835653126900549,0.0,0.22570799001545747,7.64671551368678e-05,0.5357590627894876,0.0
196959587,18467897,0.6309856831164607,0.0,0.26975325415938983,0.0,0.0,0.0
200013154,18467897,0.36807494559701115,0.0,0.233686686146063,0.0,0.0,0.0
186469733,18467897,0.20701536765453551,1.0575135423853579,0.13470331295424595,0.7287495452988914,0.15363329153167116,0.5343274356349981
200478053,18467897,0.6309856902577098,0.0,0.25470405305476207,0.0,0.0,0.0
11167079,18467897,0.12732446875610193,0.9863554915795549,0.08433492893435232,0.7168108509116473,0.11586335843247153,0.9467508223876798
59063652,18467897,0.8676077215982169,3.662837279085222e-05,0.2543814634555427,0.0,0.48428884833909996,0.0
197598570,18467897,0.34178386399236366,0.0,0.24662852104505098,0.0,0.0,0.0
185816427,18467897,1.8403840049277227,0.0005224696095181796,0.3060804974079875,0.0,0.22368047560777427,0.0
192417132,18467897,0.21032851623812748,0.0,0.18432905579439562,0.0,0.0,0.0
12680556,18467897,0.31549647198895286,0.00018879330131817932,0.22968850862378473,0.0,0.09731582300099714,0.0
170681712,18467897,0.49952699954378177,0.0,0.18017572322006536,0.00012388993186187197,0.32671884667292617,0.0
182746481,18467897,0.5784027155986874,0.0,0.25858353862098366,1.3929996795320626e-05,0.19933686098167702,0.0
201346418,18467897,0.4206571019130307,0.0,0.22232964739424999,0.0,0.0,0.0
206318963,18467897,0.10516423769648266,0.0,0.13520231148382758,0.0,0.0,0.0
201723257,18467897,0.15774638099858643,0.0,0.15127031212732722,0.0,0.0,0.0
3749243,18467897,0.10516423769648266,0.0,0.13520231148382758,0.0,0.0,0.0
190475648,18467897,0.8938964180897075,0.0,0.31118559468802537,0.0,0.0,0.0
95819142,18467897,0.2892017787190641,0.0,0.10827278866728851,0.0,0.0,0.0
172078472,18467897,0.3154964737496975,0.00020002610027993904,0.20239547320922094,0.0,0.09739191676533071,0.0
6251915,18467897,0.15774638099858643,0.0,0.15127031212732722,0.0,0.0,0.0
111504782,18467897,1.4986006735825896,0.0005933878681646085,0.2916435928829799,0.0,0.3585320222531926,0.0
185527696,18467897,0.10516423769648266,0.0,0.13520231148382758,0.0,0.0,0.0
198591892,18467897,0.05258211884824133,0.0,0.06760115574191379,0.0,0.0,0.0
191397269,18467897,0.999064691536455,0.00014548885859281592,0.32078764365868306,0.0,0.0952641491095531,0.0
195693979,18467897,0.3943660234856245,0.0,0.228575882922016,0.0,0.0,0.0
64302492,18467897,1.7537126735640418,1.859621992694238,0.21816542635232408,1.4402408850054311,0.34733721083759445,1.6651794429907198
196238747,18467897,0.07887317549611629,0.0,0.10725228996329628,0.0,0.0,0.0
206812575,18467897,0.446948167378428,0.0,0.24339906477793283,0.0,0.0,0.0
207158691,18467897,2.392487740045545,0.0,0.2678960994840229,0.0,0.0,0.0
184382886,18467897,0.1840374386018051,0.0,0.18890819074977164,0.0,0.0,0.0
185095593,18467897,0.43856674929383077,1.8589565231454093,0.1630387883480977,1.428386293324011,0.1403580311182117,1.9639406171009508
185550250,18467897,0.5521124760572812,0.0,0.22901578319963034,0.0,0.0,0.0
59774382,18467897,1.7537074777825643,1.8591539094723484,0.2507443526033905,1.4405675122626282,0.2580127861757953,1.6654530906127427
6657457,18467897,2.182166312229803,0.0003885277732553952,0.24404004422648795,0.0,0.4901581278624827,0.0
197944769,18467897,0.6835678382304796,0.0,0.2609292665874992,0.0,0.0,0.0
185781698,18467897,0.131455302939304,0.0,0.15674077717062995,0.0,0.0,0.0
193240518,18467897,2.6479972819262336,1.858991733982151,0.24991457853794188,1.4491826603714275,0.34684475759270095,1.4627779410126247
211533262,18467897,0.26291066214455383,0.0,0.1949088044220599,0.0,0.0,0.0
191944145,18467897,1.8403863523420494,0.0007259547156205618,0.28287149224142627,0.0,0.2907291282779329,0.0
146374102,18467897,0.07500564751622268,1.3912909750117117,0.07762775027567204,0.34433446945374846,0.0582139127541216,1.3695679577857638
196656600,18467897,0.709858904730413,0.0,0.27981854181359644,0.0,0.0,0.0
204643800,18467897,0.1314553160097559,0.0,0.1291965956751869,0.0,0.0,0.0
204266969,18467897,0.2103285356595426,0.0,0.1434010919350192,0.0,0.0,0.0
163689952,18467897,0.34178958126549025,0.00035520759605541034,0.23130530412011602,0.0,0.15502822225383828,0.0
18718181,18467897,1.4460177203955056,0.0005217812689727068,0.3158993761592639,0.0,0.22469022734693989,0.0
199380454,18467897,0.5784035299627873,0.0,0.27444608296513245,0.0,0.0,0.0
185902567,18467897,0.9990607190981207,0.0,0.31296671212311655,0.0,0.0,0.0
213347817,18467897,0.10516423769648266,0.0,0.13520231148382758,0.0,0.0,0.0
163816942,18467897,0.21032852440715993,0.0,0.1671139423597437,0.0,0.0,0.0
186242547,18467897,1.0754935828043957,1.3880055842227597,0.26192127473904464,0.3761551012653162,0.12059637557944848,0.6324022201603051
189369849,18467897,0.446948154394688,0.0,0.2707605129162991,0.0,0.0,0.0
212469243,18467897,0.31549280289556986,0.0,0.21635287187585336,0.0,0.0,0.0
192249341,18467897,0.07886901650254056,0.0,0.09261951669762078,0.0001701140661033673,0.1473272589679366,0.0
196861438,18467897,0.21032851623812748,0.0,0.18432905579439562,0.0,0.0,0.0
90553862,18467897,0.7361488475733274,0.0,0.24910396190247672,2.342245124820879e-05,0.35099368453531765,0.0
195702284,18467897,0.3417838690194605,0.0,0.23603460508526514,0.0,0.0,0.0
186142220,18467897,4.522073620540154,0.0004003976024638377,0.32357413904368826,0.0,0.1847772813795908,0.0
195673614,18467897,0.4469481582389385,0.0,0.2626592830646982,0.0,0.0,0.0
130080272,18467897,0.3417838690194605,0.0,0.2360346050852652,0.0,0.0,0.0
187512340,18467897,0.8413181797584166,0.00015819498578097647,0.2931733201831965,0.0,0.09575598945592527,0.0
199278102,18467897,0.18403744793784219,0.0,0.16923377539588372,0.0,0.0,0.0
197430807,18467897,0.10516423769648266,0.0,0.13520231148382758,0.0,0.0,0.0
190309918,18467897,0.21032851623812748,0.0,0.18432905579439562,0.0,0.0,0.0
73535012,18467897,0.39436510474105524,0.0,0.22140388032525976,1.8583471994838255e-05,0.199924945916787,0.0
195536426,18467897,1.1830982696443797,0.0,0.2659673467968526,0.0,0.0,0.0
201369131,18467897,0.21032851623812748,0.0,0.18432905579439562,0.0,0.0,0.0
27727402,18467897,0.49953033440028183,0.0,0.20948095133370787,0.0,0.0,0.0
192003633,18467897,0.38596917421989796,1.8594716553733428,0.17079532068192346,1.4274258858658908,0.22611319877853656,1.9754290096524987
191913522,18467897,0.21032851623812748,0.0,0.18432905579439562,0.0,0.0,0.0
64448052,18467897,0.3680709977683548,0.0,0.22900613285932775,0.00015409858296080132,0.1461849395407059,0.0
11501109,18467897,0.2366195782787892,0.0,0.21261563293155178,0.0,0.0,0.0
200513082,18467897,0.026288877587357855,0.0,0.0,0.0,0.0,9.465288783939945e-08
186117691,18467897,0.2827801262892725,0.6512565551523332,0.1375090695496427,1.1052447751285617,0.37627308327533937,1.486028763587249
9893440,18467897,0.9464785675822418,0.0,0.31420811363712015,0.0,0.0,0.0
2893379,18467897,1.7352159050110203,0.00020085122573638308,0.3264237180862207,0.0,0.2817470335467903,0.0
66512452,18467897,0.3680749771289512,0.0,0.16723745495288775,0.0,0.0,0.0
12453447,18467897,1.971834861224145,0.00015468205155974227,0.2783559760367721,0.0,0.09282420308004506,0.0
182933067,18467897,0.6835678313059366,0.0,0.2755217899257911,0.0,0.0,0.0
197531217,18467897,1.6300465260990955,0.0,0.32165037455843304,0.0,0.0,0.0
186132052,18467897,0.6309856979522365,0.0,0.23848889539530824,0.0,0.0,0.0
180844122,18467897,0.31548648551308706,0.0,0.1843715851822874,0.0002528702933357735,0.3222214621444731,0.0
202012250,18467897,0.15774638099858643,0.0,0.15127031212732722,0.0,0.0,0.0
214953562,18467897,1.7877930109605424,0.0,0.2540439785610497,0.0,0.0,0.0
202122846,18467897,0.6046946110697222,0.0,0.26255310927171294,0.0,0.0,0.0
196011616,18467897,0.44695189844599087,0.00017804753808045687,0.25308270462475974,0.0,0.09690489029449749,0.0
187149921,18467897,0.578398816610292,0.0,0.23236769449370193,0.00018151060855651235,0.33722802026402654,0.0
198794851,18467897,1.235680405127038,0.0,0.2985137548339354,0.0,0.0,0.0
201858659,18467897,0.2892017322254335,0.0,0.20625172695937674,0.0,0.0,0.0
178839142,18467897,0.26291067114646,0.0,0.1759385240822803,0.0,0.0,0.0
90877542,18467897,0.4469460049289806,0.0,0.2272551592881048,6.5794502713361e-05,0.357099561397078,0.0
33685102,18467897,0.9727696871151114,0.0,0.22133776212729625,0.0,0.0,0.0
88432242,18467897,0.1840374386018051,0.0,0.18890819074977164,0.0,0.0,0.0
191952502,18467897,0.3943697294598132,0.0001925317088677486,0.21897579065511832,0.0,0.09713826495461467,0.0
184329851,18467897,0.8413113814207391,0.0,0.23224145898538084,9.447328216551552e-05,0.5470453152321132,0.0
10825345,18467897,0.2629066487454276,0.0,0.2079015027173855,0.0001567419841408731,0.14652059377786605,0.0
83441282,18467897,0.8676053640555909,0.0,0.2660263242564199,0.0,0.0,0.0
27139722,18467897,1.0417851738633268,1.206617231937921,0.18259777249721448,2.332709858459514,0.3990289594767995,1.3525248999060906
201004682,18467897,0.3680749409289926,0.0,0.24352389382300693,0.0,0.0,0.0
195061388,18467897,0.12634602473283546,1.559468577803228,0.11582626096611291,0.7795710069502534,0.0,1.327529632290937
198721164,18467897,0.10516423769648266,0.0,0.13520231148382758,0.0,0.0,0.0
13809301,18467897,0.5174784674118021,1.8589376948909557,0.17782002873225008,1.4289644277089537,0.27216666210709023,1.9456953985018752
187920026,18467897,2.287323402011403,0.0,0.3441416189913087,0.0,0.0,0.0
189556388,18467897,0.6835736740978339,0.0003373131650518611,0.25604912569716987,0.0,0.30381798172724883,0.0
192831140,18467897,0.15774638099858643,0.0,0.15127031212732725,0.0,0.0,0.0
3294887,18467897,1.6563372447785811,0.0,0.2984881056252259,6.528763182765903e-06,0.19639013512165385,0.0
192437928,18467897,2.997183479311757,0.0,0.29649198639664687,0.0,0.23787593990108336,0.0
202616490,18467897,0.262910664611234,0.0,0.18971061483000187,0.0,0.0,0.0
150427312,18467897,0.39436972805121745,0.000183545469698339,0.24081021898676938,0.0,0.09707738994314785,0.0
44885682,18467897,0.8676063049273088,0.0,0.2306934532410101,0.0,0.35451924115946815,0.0
198999733,18467897,0.18403747013374516,0.0,0.12245895955659646,0.0,0.0,0.0
211844790,18467897,0.34178389317375735,0.0,0.18513274329029536,0.0,0.0,0.0
81481402,18467897,0.34177990990416257,0.0,0.22150778174847566,0.00015500749797423848,0.14627507221858602,0.0
213876410,18467897,0.23661958554015136,0.0,0.19731330987852783,0.0,0.0,0.0
198067901,18467897,1.6826286755733537,0.0,0.32471140746839094,0.0,0.0,0.0
158848702,18467897,0.47324380279579614,0.0002515216058667265,0.22937511951589973,0.0,0.2853364143926021,0.0
194574024,18467897,1.2356804036671343,0.0,0.30159030140971843,0.0,0.0,0.0
205913801,18467897,0.2892017322254335,0.0,0.20625172695937674,0.0,0.0,0.0
132013772,18467897,0.6572763867619575,0.0,0.21679087928894625,0.0,0.36993862256144094,0.0
185671373,18467897,0.10516423769648266,0.0,0.13520231148382758,0.0,0.0,0.0
178474702,18467897,0.6835690296411671,0.0,0.23746898127685276,0.0,0.4375418533307792,0.0
211965647,18467897,0.10516423769648266,0.0,0.13520231148382758,0.0,0.0,0.0
99690192,18467897,2.3661999160418548,3.046601644246179e-05,0.3030278061816641,0.0,0.4780354990712732,0.0
208697044,18467897,1.4460090085949444,0.0,0.2990180362523486,0.0,0.0,0.0
197961429,18467897,0.7098589056439982,0.0,0.2778932864091305,0.0,0.0,0.0
195106518,18467897,0.21032851623812748,0.0,0.18432905579439562,0.0,0.0,0.0
188524252,18467897,0.6835678237652911,0.0,0.2914126638654699,0.0,0.0,0.0
206075615,18467897,0.6046946544635838,0.0,0.17110650813976747,0.0,0.0,0.0
203423459,18467897,0.9727696745890674,0.0,0.2477346790142834,0.0,0.0,0.0
192069348,18467897,0.1840374386018051,0.0,0.18890819074977164,0.0,0.0,0.0
203153133,18467897,0.867605374155219,0.0,0.24474274545171545,0.0,0.0,0.0
208111341,18467897,0.131455302939304,0.0,0.15674077717062995,0.0,0.0,0.0
187111156,18467897,0.4995251689417634,0.0,0.2268360021094397,0.00019792853245588444,0.36773534863423973,0.0
213794551,18467897,0.552112471615268,0.0,0.23837671581783892,0.0,0.0,0.0
170788602,18467897,0.3943660261979883,0.0,0.2228599488182403,0.0,0.0,0.0
191282939,18467897,1.0253518006731832,0.0,0.3000872234685758,0.0,0.0,0.0
196908795,18467897,0.1314553160097559,0.0,0.1291965956751869,0.0,0.0,0.0
184727293,18467897,0.1840410472771675,0.00021067303159193621,0.17924141533037127,0.0,0.09780217995986899,0.0
184682242,18467897,0.026288877587357855,0.0,0.0,0.0,0.0,9.465288783939945e-08
134831882,18467897,0.3943595840297985,0.0,0.2146551760249168,0.000261313217515316,0.23260985043584098,0.0
192448270,18467897,0.42065708557496584,0.0,0.25675987426355384,0.0,0.0,0.0
214722320,18467897,1.2093893664140758,0.0,0.22106725595695237,0.0,0.0,0.0
216473363,18467897,1.2882625874394211,0.0,0.2323729514843613,0.0,0.0,0.0
192958234,18467897,1.2356907169128122,0.0006741309130723324,0.28740758085332485,0.0,0.273276125074797,0.0
202503982,18467897,0.683567839795305,0.0,0.2576316122968594,0.0,0.0,0.0
197527347,18467897,0.3417838910252944,0.0,0.1896603338676158,0.0,0.0,0.0
173330232,18467897,0.2579070541189792,1.5581353305446404,0.1338794280624774,0.782179553172472,0.3413102094050489,1.2743330940506645
24239932,18467897,0.6835678322546597,0.0,0.2735224862365381,0.0,0.0,0.0
10856264,18467897,0.6046906454259613,0.0,0.23814149825144987,0.00015161852474715646,0.2688314425703745,0.0
214349641,18467897,0.762441075793623,0.0,0.23738382500493166,0.0,0.0,0.0
197631820,18467897,0.10516423769648266,0.0,0.13520231148382758,0.0,0.0,0.0
190459729,18467897,0.6046937999649225,0.0,0.2533067976940647,1.4447172489850642e-05,0.19928248118026212,0.0
189794134,18467897,0.42065709374399823,0.0,0.2395447608289019,0.0,0.0,0.0
195618647,18467897,2.4976565718806913,0.0001425020904132811,0.2970885579537046,0.0,0.09138914003279762,0.0
206454617,18467897,1.1568071816192613,0.0,0.2924394416691571,0.0,0.0,0.0
186584926,18467897,2.8657317696948077,0.00013623789024051872,0.30470579462845526,0.0,0.09039991770812235,0.0
185694046,18467897,0.578405334419433,1.3618057757064204e-05,0.2398352230407446,0.0,0.22305688389803455,0.0
188682079,18467897,0.3943660131275364,0.0,0.2504041303136834,0.0,0.0,0.0
188487522,18467897,0.47323923472369145,0.0,0.2605069226320132,0.0,0.0,0.0
207503202,18467897,0.762441072624141,0.0,0.2440630729199546,0.0,0.0,0.0
200949609,18467897,2.261032345580614,0.0,0.30403300589958454,0.0,0.0,0.0
14323567,18467897,0.9464845512823267,0.00035881979653307655,0.21003740658032202,0.0,0.15349725627795824,0.0
207202160,18467897,0.3680749409289926,0.0,0.24352389382300693,0.0,0.0,0.0
213057394,18467897,5.573707897670103,0.0,0.21193902386550176,0.0,0.0,0.0
190316407,18467897,0.26172070903282996,1.4861263550299035,0.1521364700878779,0.3939511545037348,0.11237411080737515,0.0
120608632,18467897,0.8934981600462791,1.8477470382951469,0.2412577100631618,0.11220595371962154,0.3593917603854277,0.03046778622689336
196022136,18467897,1.9192483521125498,0.0,0.3302567334018763,0.0,0.0,0.0
184921981,18467897,0.2891977335501568,0.0,0.20422621174076505,0.00015708038907691344,0.14646173209545424,0.0
162066302,18467897,0.23661958554015136,0.0,0.19731330987852783,0.0,0.0,0.0
200482689,18467897,0.15774639189062967,0.0,0.1283168275477914,0.0,0.0,0.0
11323273,18467897,0.5521124505939746,0.0,0.2826762032799558,0.0,0.0,0.0
202858380,18467897,0.6309856858394716,0.0,0.2640148830145058,0.0,0.0,0.0
191977357,18467897,0.8938964231305893,0.0,0.30056262920240584,0.0,0.0,0.0
216287121,18467897,0.2103285407452248,0.0,0.1326837154904399,0.0,0.0,0.0
3456915,18467897,0.709858895962182,0.0,0.2982963838131624,0.0,0.0,0.0
207298453,18467897,0.3417838759440037,0.0,0.2214420817469732,0.0,0.0,0.0
195696535,18467897,0.736149973591479,0.0,0.29373205390781354,0.0,0.0,0.0
91826072,18467897,0.5258175157546988,0.0,0.24040073478340207,0.0001523953779661111,0.14573816517810192,0.0
194787225,18467897,0.28075425857809916,1.8592744975343984,0.14741689642559908,1.4266570786850075,0.1765774099986293,1.9995305176326963
14108574,18467897,0.131455302939304,0.0,0.15674077717062995,0.0,0.0,0.0
71274402,18467897,1.971839431023828,0.0005094212534607798,0.3350694474490482,0.0,0.22325394456679237,0.0
113883042,18467897,0.21032850806909506,0.0,0.20154416922904755,0.0,0.0,0.0
203007910,18467897,0.3943660365560763,0.0,0.20103170142657295,0.0,0.0,0.0
138393512,18467897,0.026288877587357855,0.0,0.0,0.0,0.0,9.465288783939945e-08
133969832,18467897,0.578402716245835,0.0,0.2609470240580172,1.3666159586931561e-05,0.1993302464381099,0.0
215408559,18467897,1.5774643992731419,0.0,0.270861151031817,0.0,0.0,0.0
1322928,18467897,0.8676092794389452,0.0002478422795274091,0.07480858218673445,0.0,0.0962956547952063,0.0
124100532,18467897,0.8413158189278279,0.0,0.24173366468313245,0.0,0.23445174587706044,0.0
53415862,18467897,0.34177741483360813,0.0,0.22351507847893587,0.00026046792134700055,0.23272334975677905,0.0
164011962,18467897,0.8676017435344898,0.0,0.2253520007533521,0.00013032156255337734,0.48406945971497384,0.0
186374076,18467897,0.13145887994479943,0.00023570780156412585,0.11949904948639309,0.0,0.09810702699394096,0.0
151005122,18467897,0.841315273787927,0.0,0.2443141584806453,0.0,0.44191519420172376,0.0
199485382,18467897,0.23661958554015136,0.0,0.19731330987852783,0.0,0.0,0.0
44558282,18467897,3.917375399511006,0.00015866391150464682,0.2389631138430774,0.0,0.6583107294185951,0.0
57051082,18467897,1.8929569895386784,0.0,0.29147154505156336,0.0,0.5569275200365796,0.0
126838732,18467897,0.26291430189090637,0.00019618422434505722,0.21281650315631442,0.0,0.09750114624264977,0.0
139831242,18467897,0.9990639949563478,9.793910668670676e-05,0.28154129483522533,0.0,0.34496680841213845,0.0
47798222,18467897,1.1042250141790644,0.0,0.3272391561877489,0.0,0.0,0.0
86863822,18467897,1.7877929911486297,0.0,0.2957948626224738,0.0,0.0,0.0
8531925,18467897,0.28920172628431895,0.0,0.2187718094573054,0.0,0.0,0.0
62543832,18467897,0.5258151863392055,0.0,0.23673480888273005,0.000246449998329578,0.32152173638763204,0.0
88365022,18467897,0.18404105029558693,0.00022992925838352625,0.13245335461969057,0.0,0.09793262641301217,0.0
187727842,18467897,0.3943620854657346,0.0,0.23589525850815218,0.00015325767612827271,0.14609651186523354,0.0
183396322,18467897,0.026288877587357855,0.0,0.0,0.0,0.0,9.465288783939945e-08
2553827,18467897,0.7804990600300397,1.8578317868996188,0.18529472215075757,1.4319510179713766,0.47455728390201907,1.8859880774523654
183769061,18467897,1.4460011355482743,0.0,0.2763399789363126,0.0003257234156935051,0.4143057289918218,0.0
205993957,18467897,0.31549280289556986,0.0,0.21635287187585336,0.0,0.0,0.0
191414247,18467897,0.8413142740336746,0.0,0.29670639634644064,0.0,0.0,0.0
208775148,18467897,0.05258211884824133,0.0,0.06760115574191379,0.0,0.0,0.0
190081005,18467897,0.473242983683953,0.00017555742608435778,0.25858999411652606,0.0,0.09682039401006005,0.0
167526382,18467897,0.07578619289291683,1.5502684472246502,0.07316565106915164,0.280642879604105,0.112057085968571,1.0856280014872464
207198190,18467897,0.5784035340545629,0.0,0.2658232282652326,0.0,0.0,0.0
206110704,18467897,15.143659116623663,0.0,0.0,0.0,0.0,0.0
193699825,18467897,1.1831046568641557,0.000357659357760692,0.27014194356906185,0.0,0.2740187884673613,0.0
209901553,18467897,0.3680749409289926,0.0,0.24352389382300693,0.0,0.0,0.0
203380723,18467897,4.311736238184776,0.0,0.2904216675940346,0.0,0.0,0.0
201496570,18467897,0.6572767475395717,0.0,0.29301914676787866,0.0,0.0,0.0
191098878,18467897,1.6563364531090905,0.0,0.29421915202653276,3.6957269978098314e-05,0.29139015521375455,0.0
