member,group_id,r1,r2,r3,r4,r5,r6
209483776,8047932,15.148227317737524,0.0,8.509641545099864e-07,4.0430702360355573e-08,0.0,0.0
100710402,8047932,0.15464382308814986,1.016687355938261,0.5648324478004015,0.45941046008062725,0.25099586190068107,0.2713771603312174
8908802,8047932,0.026250880897229496,0.0,3.7912268212226926e-08,1.801274030051385e-09,0.0,0.0
185982979,8047932,0.39403193840643697,0.0,0.0,0.0,0.0,0.2502299306406859
60737542,8047932,1.229513289210931,3.848146841936746,0.36376869138101864,0.2000713838323901,0.028328930849446498,0.5308230614600191
197914630,8047932,0.07885886491682205,0.0,0.0,0.0,0.0,0.10739092475021837
207265801,8047932,0.026250880897229496,0.0,3.7912268212226926e-08,1.801274030051385e-09,0.0,0.0
183697420,8047932,0.10097003301644718,1.5044148390984975,0.6134506039439461,1.4730489208989417,0.2627551961478411,0.17784537053139424
188362766,8047932,1.023674764468871,0.0,0.0,0.0,9.509467979347262e-05,0.4835088459753612
122730512,8047932,0.8663181154808223,0.0,0.0,0.0,0.0,0.44480234938968266
208267281,8047932,0.4990601950984174,0.0,0.0,0.0,0.0,0.2656781676627377
112134162,8047932,0.7045765422346757,2.919345240854801,0.558756301764906,0.40582442924720075,0.0,0.4822795285621018
10487829,8047932,0.1032746596234984,0.8310117064028303,0.3500635555302888,0.1939457394826145,0.0,0.15041168013507158
159922202,8047932,0.047522727691165806,2.759286489464783,0.8934822001369985,0.6346068039494153,0.0,0.10843445106106576
105502752,8047932,0.12832774275866815,2.5429238930637768,0.04597006909926325,0.8295727324930616,0.22032325383404147,0.20179791737521882
189970465,8047932,1.0998308695860466,0.7472394528699775,0.7073871342745642,0.8868308379161133,0.0,0.35993132189727484
10041378,8047932,2.095553792931275,1.507185615046704,1.2019423165340515,0.50496982133147,0.09637138203674657,0.49030109668952426
72257572,8047932,0.04669599948573195,3.9469695315361935,0.9129938656983606,0.5952590329704674,0.0,0.056838121259137654
171802662,8047932,0.052568996491545866,0.0,0.0,0.0,0.0,0.06768174408221193
8052778,8047932,1.361601918022235,4.022143536488482,0.0,0.14366927360064857,0.06670088832874649,0.43654911745955455
189351979,8047932,9.792714061574134,0.0,0.0,0.0,0.0,0.16106469141579635
99876912,8047932,0.049446505542037326,2.987471581755473,0.14761975350755543,0.1360422771440219,0.15767407505183034,0.1118878254767968
115111992,8047932,1.2604620026683202,0.0,0.0,0.0,0.0,0.3197032875954804
152318012,8047932,3.622831955471866,0.0,0.0,0.0,0.0,0.507600191246683
205918269,8047932,0.026250880897229496,0.0,3.7912268212226926e-08,1.801274030051385e-09,0.0,0.0
71630912,8047932,0.21021277949912237,0.0,0.0,0.0,0.0,0.20165758010003323
207945801,8047932,0.9978944643065865,0.0,0.0,0.0,0.0,0.28447392664986254
195520586,8047932,0.10068516298483669,2.2995939496819995,0.8726348604274934,0.5980145284265109,0.0,0.1267681832831715
99969102,8047932,1.8901823960915525,0.0,0.0,0.0,1.6963970976436458e-05,0.4332884201221714
67577942,8047932,1.1510453138907746,1.017785939783128,1.1545112300322047,0.48899542139970154,0.0,0.4272682994360763
78569562,8047932,0.47245259062810235,0.0,0.0,0.0,6.09252980814206e-05,0.39049875207966767
187770972,8047932,0.892912554913793,0.0,0.0,0.0,0.0,0.31967208896840915
105168992,8047932,0.02328893711584005,2.017257613345612,0.4339636271703346,0.11714018046497716,0.22919141961072675,0.0
56713312,8047932,0.052568996491545866,0.0,0.0,0.0,0.0,0.06768174408221193
183953510,8047932,0.262463123263195,0.0,0.0,0.0,0.00011235108572305982,0.3174878279137014
183554154,8047932,1.1292145207152284,0.0,0.0,0.0,0.0,0.3417417791758605
110915692,8047932,0.3368079383574276,1.9066571838593946,0.9364357224469372,0.7514477965437314,0.011499810998612766,0.339841163070433
31516782,8047932,0.4677658639649306,1.7066097033333958,0.6128346021153082,2.2582901029996334,0.0,0.42786137510540445
173336692,8047932,0.1575792104776081,0.0,0.0,0.0,0.0,0.2093612398135216
204488823,8047932,0.026250880897229496,0.0,3.7912268212226926e-08,1.801274030051385e-09,0.0,0.0
5136505,8047932,0.5248481773789949,0.0,0.0,0.0,0.0002836299435665791,0.45092257373673306
40177792,8047932,0.07885886491682205,0.0,0.0,0.0,0.0,0.10739092475021837
189780098,8047932,0.6828723685065196,0.0,0.0,0.0,0.0,0.30661705543611073
186001542,8047932,0.4152298041841999,1.0493156127723637,1.363294477179845,0.48658514505093,0.32172235356777196,0.344323563590328
88969352,8047932,0.54295460896418,0.0,2.3545238053478332,0.29344967162182617,3.098846175207456,0.38468608627160444
44036232,8047932,0.1576807564206103,0.0,0.0,0.0,0.0,0.17437884275912902
107581582,8047932,0.026250880897229496,0.0,3.7912268212226926e-08,1.801274030051385e-09,0.0,0.0
193910931,8047932,0.02038782212151383,1.5090760125758915,1.6844424242866747,0.5928437285682584,0.012324522470426286,0.0
109758612,8047932,0.026250880897229496,0.0,3.7912268212226926e-08,1.801274030051385e-09,0.0,0.0
197689495,8047932,5.566029813027811,0.0,0.0,0.0,0.0,0.3075733220384731
74383512,8047932,0.04732640692461969,1.7634409630251433,1.400623893555784,0.4955296469308429,0.0,0.05411380233633794
9171097,8047932,0.9925194805298639,1.4914978761373991,1.1872552063994728,0.7923628103208477,0.09254554118155514,0.49803852789725367
32290982,8047932,0.15278303327243034,2.661194641396167,0.9055832028369555,0.3010878652429641,0.0,0.2676477332599949
88185002,8047932,0.1050364470400895,0.0,0.0,0.0,0.0,0.17034588521881644
7516334,8047932,0.4202675428305921,0.0,0.0,0.0,0.0,0.23064166962803012
188686513,8047932,1.3128048021215233,0.0,0.0,0.0,0.0,0.3715277598027937
187756723,8047932,0.18394770807210656,0.0,0.0,0.0,0.0,0.18904552695340035
204200117,8047932,0.07885886491682205,0.0,0.0,0.0,0.0,0.10739092475021837
44597432,8047932,2.41197300136095,1.5096672285891095,0.6527549801858258,0.1848759256053461,0.2797010385094648,0.5266458653035841
190859457,8047932,1.2557056424022783,1.6260103679248283,0.9656581496855627,0.6685196096404894,0.0,0.5288182665236811
193005767,8047932,0.7090224770673041,0.0,0.0,0.0,0.0,0.3395500504131198
207298762,8047932,0.10513799298309173,0.0,0.0,0.0,0.0,0.13536348816442387
74262732,8047932,0.15753077547865174,0.0,0.0,0.0,2.8190638748690984e-05,0.22603996256629968
139966672,8047932,0.5515823984600653,0.0,0.0,0.0,0.0,0.2822263271612269
13986002,8047932,0.07885886491682205,0.0,0.0,0.0,0.0,0.10739092475021837
3096790,8047932,0.2623315354752984,0.0,0.0,0.0,0.0003113552513104026,0.3627698310348472
192594147,8047932,0.6566038754637439,0.0,0.0,0.0,0.0,0.2902660030122362
163313892,8047932,0.1576807564206103,0.0,0.0,0.0,0.0,0.17437884275912902
194126054,8047932,0.026250880897229496,0.0,3.7912268212226926e-08,1.801274030051385e-09,0.0,0.0
200018151,8047932,0.34150207873659616,0.0,0.0,0.0,0.0,0.2253152762436547
88832232,8047932,0.05010157017571164,0.7364669116669713,0.0,0.3514101258381417,2.0383106391352253,0.1120247336042038
129681642,8047932,0.026250880897229496,0.0,3.7912268212226926e-08,1.801274030051385e-09,0.0,0.0
92522732,8047932,0.20725155663771214,3.3753783677789144,0.0,0.017971558764063703,0.14105728662195102,0.2442318673765772
154290412,8047932,0.18394770807210656,0.0,0.0,0.0,0.0,0.18904552695340035
25903342,8047932,1.4699070814213038,0.0,0.0,0.0,0.0002616526711802164,0.5635260308895436
56178932,8047932,0.023552003733560815,1.0909242672763713,0.2826340142984686,0.2364323202985871,1.2822433833882714,0.0
6701300,8047932,0.17928989574871199,2.8399434657529716,0.6726030678736563,0.47360025451365145,0.02333365134162337,0.29928559222776224
2545911,8047932,0.232914467234993,3.020761837134942,0.24565755822250204,0.07144796243643735,0.10670477310698583,0.34472284183588264
191054071,8047932,0.07885886491682205,0.0,0.0,0.0,0.0,0.10739092475021837
41208062,8047932,0.2052834081135171,1.3582866222138168,1.262379282036079,0.3504096587418732,0.23543151630255155,0.2904245239476698
5153023,8047932,0.04961353252187214,1.7541854046057679,0.4016531298251289,0.30153910657018956,0.4587714586617391,0.060344460595956224
162072842,8047932,0.3937182170916728,0.0,0.0,0.0,0.0,0.35830636651824666
185397523,8047932,0.5515884181235949,0.0,0.0,0.0,0.0,0.28880436489730443
209051923,8047932,0.6303287043935022,0.0,0.0,0.0,0.0,0.26661748014721154
146512152,8047932,0.2886950298444067,0.0,0.0,0.0,2.587197349667569e-05,0.3200203841695309
5851420,8047932,0.23303258089708836,3.7744719753089053,0.0,0.02202915172330154,0.09672864397851871,0.3005122897487358
20277541,8047932,0.15113107657507246,0.23380493682143105,1.82743009536947,0.5331470289079675,2.0503179867730768,0.1453653067740809
12114216,8047932,0.07885886491682205,0.0,0.0,0.0,0.0,0.10739092475021837
61192492,8047932,0.49521079587830347,2.652337610463153,0.33991858176768897,0.6679053065193455,0.04918112079115468,0.38698362409786763
190812465,8047932,0.17861473450103102,0.7513382628328383,1.4249302930554784,0.959205001617137,0.41147923929050145,0.2432546076846319
197624120,8047932,0.10513799298309173,0.0,0.0,0.0,0.0,0.13536348816442387
124516672,8047932,0.02167468978320836,0.6244230880632723,1.2095342218936052,0.36154314259565284,1.082324173773664,0.0
160608582,8047932,0.2852087436639061,2.1513380513907436,0.779277463890952,0.17953928244957296,0.0009292926597835218,0.208819237181321
149520712,8047932,0.026250880897229496,0.0,3.7912268212226926e-08,1.801274030051385e-09,0.0,0.0
10295625,8047932,1.1549342388810728,0.0,0.0,0.0,0.00022614262761689604,0.51952038820874
207081803,8047932,0.07885886491682205,0.0,0.0,0.0,0.0,0.10739092475021837
54223182,8047932,0.963972287076791,0.16761616526305687,2.3177559673717725,0.47441681908541744,1.388375426796003,0.37559107254558416
177748302,8047932,0.022581610830268516,3.1473737497418415,0.13057787208712046,0.9580439420820209,0.11247188349783205,0.0
212150608,8047932,0.052568996491545866,0.0,0.0,0.0,0.0,0.06768174408221193
7803221,8047932,0.23630142247704325,0.0,0.0,0.0,0.0,0.25279740407956897
192102746,8047932,0.022035868439485913,1.0175821388348856,1.0852314338388702,0.7897152953844597,0.13475920960408996,0.0
183710050,8047932,0.5253247534039116,0.0,0.0,0.0,0.0,0.27772950296931337
197824866,8047932,0.026250880897229496,0.0,3.7912268212226926e-08,1.801274030051385e-09,0.0,0.0
21246311,8047932,0.44628181016964,0.0,0.0,0.0,6.301776006594384e-05,0.3655063197863315
4616558,8047932,0.21011123355612016,0.0,0.0,0.0,0.0,0.23663997715442575
173252982,8047932,0.02282363505567805,2.2290555234183924,0.5184632786370504,0.4494643709194947,0.0,0.0
183216503,8047932,0.026250880897229496,0.0,3.7912268212226926e-08,1.801274030051385e-09,0.0,0.0
68489592,8047932,0.07885886491682205,0.0,0.0,0.0,0.0,0.10739092475021837
78723452,8047932,0.026250880897229496,0.0,3.7912268212226926e-08,1.801274030051385e-09,0.0,0.0
214122885,8047932,0.1576807564206103,0.0,0.0,0.0,0.0,0.17437884275912902
152787342,8047932,0.9453519507265734,0.0,0.0,0.0,0.0,0.24573160593706458
34584982,8047932,0.420085839491083,0.0,0.0,0.0,0.0,0.3273046144097734
11604376,8047932,0.4200284115688038,0.0,0.0,0.0,0.0,0.35844392065054054
192072088,8047932,0.022130271934698485,2.208421870434264,0.7075129872051147,0.7664496041423629,0.0,0.0
131588512,8047932,0.026250880897229496,0.0,3.7912268212226926e-08,1.801274030051385e-09,0.0,0.0
31402402,8047932,0.44610700885297,0.0,0.0,0.0,0.0001998089914665067,0.42569086167025433
173922732,8047932,0.02282363505567805,2.2290555234183924,0.5184632786370504,0.4494643709194947,0.0,0.0
114041262,8047932,0.026250880897229496,0.0,3.7912268212226926e-08,1.801274030051385e-09,0.0,0.0
167016882,8047932,0.022416644613256917,2.1457462957545848,0.7684379438036814,0.2508367620097226,0.0046374024855987675,0.0
6900147,8047932,0.2627009935808961,0.0,0.0,0.0,0.0,0.18106366935910453
198148533,8047932,0.8666452202598804,0.0,0.0,0.0,0.0,0.3045868756759907
97368502,8047932,0.23646236898880216,0.0,0.0,0.0,0.0,0.1973516165630185
148701622,8047932,0.026250880897229496,0.0,3.7912268212226926e-08,1.801274030051385e-09,0.0,0.0
87026102,8047932,0.1049879835431031,0.0,0.0,0.0,6.82745149052593e-05,0.18702440349319957
187552184,8047932,0.892751608402034,0.0,0.0,0.0,0.0,0.37511787648495964
190204354,8047932,0.026250880897229496,0.0,3.7912268212226926e-08,1.801274030051385e-09,0.0,0.0
71211462,8047932,0.12472850750483638,8.010835483075269,0.0,0.007954695511320255,0.047188673701539625,0.21996693702083817
127840712,8047932,0.13130968998985745,0.0,0.0,0.0,0.0,0.1918874382884778
208075209,8047932,0.026250880897229496,0.0,3.7912268212226926e-08,1.801274030051385e-09,0.0,0.0
203891147,8047932,0.026250880897229496,0.0,3.7912268212226926e-08,1.801274030051385e-09,0.0,0.0
83796432,8047932,0.04910568739270424,1.5654878572886464,0.7176594741428846,0.4610071047986115,0.13066563200684994,0.05808574226339141
183341525,8047932,0.23647641487037127,0.0,0.0,0.0,0.0,0.2127003712805329
152164822,8047932,0.6040894367104673,0.0,0.0,0.0,0.0,0.28220268433950396
91337182,8047932,0.050563919403879116,0.5503880685939965,0.5224855091338098,0.147481384724382,0.08817851077814125,0.09728759228939936
135420382,8047932,0.36750141563425115,0.0,0.0,0.0,0.0,0.3366586369730926
161575392,8047932,0.02403321111315459,0.5152074666067984,0.6740101382927621,0.16526734783610192,0.0,0.0
146049512,8047932,0.36750540788975417,0.0,0.0,0.0,8.07560179555746e-05,0.3482408226611647
189039084,8047932,0.5777049084580286,0.0,0.0,0.0,0.0,0.285000761480155
11868653,8047932,0.20705152139742053,2.6696213783242317,0.14792061218608116,0.13841374960464584,0.22897738699476253,0.32867343518299896
153319922,8047932,0.07885886491682205,0.0,0.0,0.0,0.0,0.10739092475021837
143452662,8047932,0.4672914061940187,4.365169106805446,0.468703574441142,0.6241141722681381,0.0,0.4017704840824745
187705846,8047932,0.12687656817967946,3.0972613721364253,0.6239194951550343,0.4721505036813722,0.008089501697113661,0.1991706242014676
185975288,8047932,0.7830286528479945,2.1662330655968134,1.0156900645686988,0.5550113526576532,0.0,0.3721906565784517
13451766,8047932,0.5775026627876848,0.0,0.0,0.0,0.00010013961441870767,0.36290753576466817
132254202,8047932,0.5729777702442952,2.131225631990201,0.961155330566079,0.2980420302458638,0.023483257458745715,0.470676691971126
162388472,8047932,1.6013591017609463,0.0,0.0,0.0,3.109748828836951e-05,0.4552653823033345
191844862,8047932,0.07446462095452609,0.9959280827509889,1.0830223749702503,0.8533461457276081,0.1851968112502378,0.14775820834563239
8921608,8047932,0.1049879835431031,0.0,0.0,0.0,6.82745149052593e-05,0.18702440349319957
151448072,8047932,0.23644832310723304,0.0,0.0,0.0,0.0,0.1820028618455042
186167821,8047932,0.02117904835523274,4.464533177313608,0.4467052650962861,0.47674894866536593,0.0,0.0
211044879,8047932,0.026250880897229496,0.0,3.7912268212226926e-08,1.801274030051385e-09,0.0,0.0
162812432,8047932,0.07885886491682205,0.0,0.0,0.0,0.0,0.10739092475021837
183026194,8047932,0.026250880897229496,0.0,3.7912268212226926e-08,1.801274030051385e-09,0.0,0.0
11581971,8047932,0.18379773784315093,0.0,0.0,0.0,1.3122275049890776e-05,0.24070672362825746
6001180,8047932,0.02239688459766797,2.4811802391652313,0.6925468639824209,0.1718309226682545,0.0,0.0
186956319,8047932,0.3149855510198047,0.0,0.0,0.0,9.511155362332633e-05,0.33426789130883144
6066720,8047932,1.1288961493395115,0.0,0.0,0.0,6.806733215687145e-05,0.33550192812459745
186358315,8047932,0.9979124228132389,0.0,0.0,0.0,0.0,0.3040982351950033
12628531,8047932,0.07341226158537462,1.7633192036042187,1.4017333810044834,0.49062251118381334,0.0,0.16446521029457067
195676723,8047932,0.34152152688030735,0.0,0.0,0.0,0.0,0.24656739816021306
185811509,8047932,0.026250880897229496,0.0,3.7912268212226926e-08,1.801274030051385e-09,0.0,0.0
187580981,8047932,0.21021277949912237,0.0,0.0,0.0,0.0,0.20165758010003323
98015802,8047932,0.07504570240369546,1.3059411205618912,0.7509731390170888,0.9644221406940217,0.12131362286459661,0.1330874161058165
192535108,8047932,0.023335788295175092,0.7305439921048991,0.6639460175382447,0.8916065531172385,0.0,0.0
200161862,8047932,0.026250880897229496,0.0,3.7912268212226926e-08,1.801274030051385e-09,0.0,0.0
72014412,8047932,0.049928150218746775,1.6460137279473768,0.18106402784161654,0.904288022220613,0.13195240808884168,0.09628734429427528
142764622,8047932,0.022003866068999466,1.027248824006257,1.1035279877077369,0.34743265181019867,0.5630416650684523,0.0
13609551,8047932,0.41992748866501495,0.0,0.0,0.0,0.00021438065872073973,0.39315808112816325
211229264,8047932,0.36775971250770123,0.0,0.0,0.0,0.0,0.22979976860407972
174330452,8047932,0.04735189626060127,1.7388065275188735,1.163583920632676,1.259712935068967,0.0,0.05647251060826022
10216020,8047932,0.7875848044889956,0.0,0.0,0.0,2.5624004470547722e-05,0.41124633016193096
3748440,8047932,0.07503078251822519,2.1170162903527006,0.6453448254694856,0.2857980062111735,0.1223149148768239,0.17995244717583003
148073052,8047932,3.3601848198983406,0.0,0.0,0.0,0.00017887780345855146,0.5489055790270596
165532262,8047932,0.4200567761829793,0.0,0.0,0.0,0.0,0.3486723614326435
211794537,8047932,0.07885886491682205,0.0,0.0,0.0,0.0,0.10739092475021837
94112362,8047932,0.21006281848240316,0.0,0.0,0.0,1.6481300292799608e-07,0.2533188428743123
139008622,8047932,1.024092189778417,0.0,0.0,0.0,0.0,0.36944069995946777
214438513,8047932,0.07885886491682205,0.0,0.0,0.0,0.0,0.10739092475021837
192823925,8047932,0.10513799298309173,0.0,0.0,0.0,0.0,0.13536348816442387
77965942,8047932,0.20650164829303683,1.734160489626327,0.6366000482348498,0.46624265311764695,0.17589730062619313,0.28726681634531187
23980662,8047932,0.10513799298309173,0.0,0.0,0.0,0.0,0.13536348816442387
208190074,8047932,0.026250880897229496,0.0,3.7912268212226926e-08,1.801274030051385e-09,0.0,0.0
94663292,8047932,0.049813304549076176,2.3291006202137416,0.16194806361397024,0.11902304038641524,0.3450910955002474,0.11336119699254177
183753342,8047932,0.10031962964525853,2.1522655376624087,0.9984256880477914,0.7007747910961032,0.0,0.15903078419608144
133689982,8047932,0.6828480583268807,0.0,0.0,0.0,0.0,0.28005190304041283
193510018,8047932,2.704103580053053,0.0,0.0,0.0,0.0,0.39879459250079163
9204355,8047932,0.1576807564206103,0.0,0.0,0.0,0.0,0.17437884275912902
191232643,8047932,0.052568996491545866,0.0,0.0,0.0,0.0,0.06768174408221193
204944008,8047932,0.21021277949912237,0.0,0.0,0.0,0.0,0.20165758010003323
182801033,8047932,0.026250880897229496,0.0,3.7912268212226926e-08,1.801274030051385e-09,0.0,0.0
188895882,8047932,0.026250880897229496,0.0,3.7912268212226926e-08,1.801274030051385e-09,0.0,0.0
193802896,8047932,0.046758276221885414,1.5094934242940594,1.6838406991210426,0.5894662235098519,0.012442391275115669,0.050890765538570304
32643732,8047932,0.022438937490795903,3.0247081079846696,0.0,1.7197590468150412,0.10133455342117477,0.0
127957652,8047932,0.022809962251482137,3.417241820844121,0.22462998473423929,0.06877406028166408,0.10237269147394143,0.0
61541012,8047932,2.3050574133942856,1.7428655689210848,1.118535909294547,0.8905852930992214,0.0,0.5907014042263551
193796762,8047932,0.0993320581345458,1.5101241789384843,1.683705055666942,0.5829979998747338,0.012395090633136407,0.11856096222364705
214663836,8047932,0.026250880897229496,0.0,3.7912268212226926e-08,1.801274030051385e-09,0.0,0.0
188891807,8047932,0.15281165440642394,3.0284998775223015,0.7976450072743656,0.48897143032756146,0.0,0.199388429523468
212699813,8047932,2.5468777749733813,0.0,0.0,0.0,0.0,0.3118409898929444
183263910,8047932,0.33702707707572077,2.6257089753799763,0.8527393214113392,0.37915206547666824,0.0,0.23575119886170834
189430442,8047932,0.023384507905241186,1.4296748886628057,0.3185696172734375,1.2185762261340418,0.0,0.0
10177196,8047932,0.9406554401622056,2.591866945627391,0.5238375238805639,1.4215864928106918,0.050192337893750216,0.40535750233696366
94710452,8047932,0.36268662453262285,2.1570706315199875,1.0056313323374466,0.643183980823387,0.0,0.379550419915292
11342522,8047932,0.07448173440270878,1.169501938174036,1.1145126803014314,0.7032525581936332,0.017193443051861507,0.14808560976132784
169267902,8047932,0.49905768384725735,0.0,0.0,0.0,0.0,0.26293397692615306
197577407,8047932,0.18392964908151765,0.0,0.0,0.0,0.0,0.16931141374516762
193057479,8047932,1.7593082646073954,0.0,0.0,0.0,0.0,0.3516042037184371
9624269,8047932,0.6299323381259804,0.0,0.0,0.0,0.0002092354057802751,0.4214886725771743
156187342,8047932,0.18394770807210656,0.0,0.0,0.0,0.0,0.18904552695340035
52394702,8047932,0.1576807564206103,0.0,0.0,0.0,0.0,0.17437884275912902
6011605,8047932,0.02237533500065036,1.404993578871888,0.9415372618215992,0.5287281555171045,0.0,0.0
84660952,8047932,0.3414199809373051,0.0,0.0,0.0,0.0,0.2815497952146056
188187354,8047932,0.07885886491682205,0.0,0.0,0.0,0.0,0.10739092475021837
183044830,8047932,0.4927169067734015,0.7704917379026842,1.796374925610476,0.6584296197456447,0.5491108611196038,0.39764429930462
13462243,8047932,0.04867394628419365,3.0967870615322886,0.4628121495992339,0.35806659083215997,0.0,0.059301108560701345
14488292,8047932,0.026250880897229496,0.0,3.7912268212226926e-08,1.801274030051385e-09,0.0,0.0
65438442,8047932,0.2565670804180416,0.6239182530999522,1.8333439619082954,0.6839212103600226,0.6165409647713201,0.27126446253493286
87802602,8047932,0.3378024733933673,1.940485888681997,0.34562283724845166,1.1908106793668976,0.1583356398550854,0.34254519798974986
117431022,8047932,0.021466620364962635,1.3580717779743314,1.2564719965428852,0.6130935320944737,0.13806078220604484,0.0
161452782,8047932,0.28898901150039963,0.0,0.0,0.0,0.0,0.21875069434623193
27794162,8047932,0.367425106087091,0.0,0.0,0.0,7.591776933198441e-05,0.3759058607773558
204698363,8047932,0.21021277949912237,0.0,0.0,0.0,0.0,0.20165758010003323
187132672,8047932,0.07885886491682205,0.0,0.0,0.0,0.0,0.10739092475021837
56750852,8047932,0.052568996491545866,0.0,0.0,0.0,0.0,0.06768174408221193
99799812,8047932,0.18384616212910432,0.0,0.0,0.0,0.0,0.22402792400779295
128219912,8047932,0.3355220359913705,7.1513884548751205,0.0,0.09120567545581315,0.07040828912266568,0.2855168331773469
14039821,8047932,0.0737762105962732,2.529489629837292,0.9200265623646566,0.7622886148641778,0.00539466843268397,0.16757016365876104
164152082,8047932,0.20543608508505193,1.4077776994925295,1.067859097779438,0.5843227352408266,0.2873853979384082,0.31670599519950954
188130079,8047932,0.026250880897229496,0.0,3.7912268212226926e-08,1.801274030051385e-09,0.0,0.0
201683744,8047932,0.23647641487037127,0.0,0.0,0.0,0.0,0.2127003712805329
4000546,8047932,0.3673924151616381,0.0,0.0,0.0,0.0001579543004839347,0.3741696136073903
105067312,8047932,0.023685441328149596,1.6449247988525675,0.18123504683427777,0.9149754225605565,0.13194510294808884,0.0
101393202,8047932,0.12867468050374567,0.944222235556112,0.5959278134942712,0.19983434156609275,0.17169851719583767,0.23150826238405928
101106482,8047932,0.7612901644610014,0.0,0.0,0.0,0.0,0.436282926637681
160101172,8047932,0.0761908687273428,0.5758904135106485,0.6359142634081224,0.5755179949978182,0.07303394642464155,0.15341869755605517
147413812,8047932,0.07885886491682205,0.0,0.0,0.0,0.0,0.10739092475021837
86539062,8047932,0.13141123593285967,0.0,0.0,0.0,0.0,0.1569050412340852
124302132,8047932,0.2310474231055828,0.9194604813952086,1.4721572428413687,0.7089156126475452,0.23888920876122247,0.3013116572154349
195414840,8047932,0.1576807564206103,0.0,0.0,0.0,0.0,0.17437884275912902
103854912,8047932,0.052568996491545866,0.0,0.0,0.0,0.0,0.06768174408221193
115927872,8047932,0.21021277949912237,0.0,0.0,0.0,0.0,0.20165758010003323
107197252,8047932,0.04806023124978935,2.2139443113531727,0.8633314962681194,0.7782742167476677,0.024135783194892117,0.05749781295338583
8491845,8047932,0.8135240185630949,0.0,0.0,0.0,0.00042156891115576264,0.503483083438158
175878982,8047932,0.07885886491682205,0.0,0.0,0.0,0.0,0.10739092475021837
182455108,8047932,0.2625889565615889,0.0,0.0,0.0,0.0,0.2741665707114268
106249032,8047932,0.026250880897229496,0.0,3.7912268212226926e-08,1.801274030051385e-09,0.0,0.0
10249034,8047932,0.5511361212977212,0.0,0.0,0.0,0.00025182136253555393,0.4445568564785743
111100752,8047932,0.496621163759432,0.535146251271705,0.6331139783613786,0.596437614403742,0.0,0.26878423449643424
112159572,8047932,0.4167371583099566,1.9105707674628356,0.5290180886273326,0.35359598821377763,0.11270587000978192,0.3764746057100429
37202772,8047932,0.052568996491545866,0.0,0.0,0.0,0.0,0.06768174408221193
51264342,8047932,0.04936738440410817,2.0426148961986326,0.23394652896995732,1.0094581941374199,0.3120609612604237,0.06123433316022934
188296027,8047932,1.3654821475618257,0.0,0.0,0.0,0.0,0.3262872888985392
107948892,8047932,0.3121473393416084,1.2629066330755034,0.4460665137379911,0.8168126160437396,0.0,0.3661902725990929
3621727,8047932,0.1311111339137961,0.0,0.0,0.0,0.0002534882297135895,0.260226275354021
190987111,8047932,0.26273891746113276,0.0,0.0,0.0,0.0,0.22250530709639324
79453042,8047932,0.23214043337761156,1.8957411242161555,0.8403579683836649,0.30324614353031604,0.16111342330256254,0.3403076417011927
162634612,8047932,0.07463023178173805,1.808262131282641,0.8470692464656039,0.7099517720956471,0.0,0.15082325897486484
88644472,8047932,0.10217965291458175,0.7894729419848404,0.722006821643501,0.43872529912261743,0.0,0.20200391041736648
122061692,8047932,1.1510596866960647,1.8795567333222465,0.663150594612657,0.9037798402955954,0.00983360070930033,0.5344517158910227
192527235,8047932,0.052568996491545866,0.0,0.0,0.0,0.0,0.06768174408221193
193258375,8047932,1.260339901928933,0.0,0.0,0.0,0.0,0.33222425875574346
171250572,8047932,0.026250880897229496,0.0,3.7912268212226926e-08,1.801274030051385e-09,0.0,0.0
14035855,8047932,0.021684807128858428,2.6171321726155625,0.8457649096528341,0.4645129349816809,0.0,0.0
137896852,8047932,0.07729186086403737,0.7030057769908079,0.35638780470265347,0.16123499284533446,0.0,0.10442757282325817
10013593,8047932,0.1574049270696042,0.0,0.0,0.0,0.00016179559946356047,0.26936111134696783
196148121,8047932,1.706494224794874,0.0,0.0,0.0,0.0,0.43864995675441437
32338852,8047932,0.021629146052646552,2.0698057501915312,1.039592289418407,0.4842853752225098,0.0,0.0
38740902,8047932,0.052568996491545866,0.0,0.0,0.0,0.0,0.06768174408221193
74355632,8047932,0.12751303028768537,2.2413888135462465,0.4317718982219072,1.098991176066423,0.0805396378497998,0.20072673523481538
54277042,8047932,0.42014918516457883,0.0,0.0,0.0,0.0,0.3168376313574709
154659762,8047932,0.10175327819546243,2.0501805834701763,0.4098924279649604,0.6396864318069075,0.13768358309032325,0.17940569560969735
100185012,8047932,0.026250880897229496,0.0,3.7912268212226926e-08,1.801274030051385e-09,0.0,0.0
190147507,8047932,0.10041537119656982,1.0909360620926933,1.2031441753738452,0.7052386871722958,0.28416082898610956,0.17321056211923058
190837682,8047932,0.12728638312898358,0.9952347832182232,1.1221262655241981,0.7319305428743644,0.0,0.1488923919961554
27507642,8047932,0.57606978541161,0.2267133889072735,0.12991446763047548,1.293225287217822,0.06664745964451074,0.37653400094849
160908222,8047932,0.1542547117816183,1.4180853084480345,0.743144594111574,0.19793863884258245,0.222453664704294,0.21646692586512573
182995910,8047932,0.026250880897229496,0.0,3.7912268212226926e-08,1.801274030051385e-09,0.0,0.0
191849415,8047932,4.594178304174676,0.0,0.0,0.0,4.5416682539453016e-05,0.46905666119660183
193840078,8047932,1.0766739490499293,0.0,0.0,0.0,0.0,0.3051215020297223
62235602,8047932,0.13141123593285967,0.0,0.0,0.0,0.0,0.1569050412340852
171170772,8047932,0.6563179714163304,0.0,0.0,0.0,0.0,0.3669569008254238
149535702,8047932,2.625163571825546,0.0,0.0,0.0,8.238138993437236e-05,0.457680801177421
23808982,8047932,0.6520667681971283,1.6320356918039907,0.7206845302486562,1.45732025769237,0.15862993845442427,0.36566380861477293
130911192,8047932,0.052568996491545866,0.0,0.0,0.0,0.0,0.06768174408221193
194825179,8047932,0.026250880897229496,0.0,3.7912268212226926e-08,1.801274030051385e-09,0.0,0.0
203596769,8047932,1.2866666914123475,0.0,0.0,0.0,0.0,0.26633165820737464
89246692,8047932,0.10199030216572924,1.6179899255512882,0.5705511830704422,0.0838617400745038,0.20597467280383155,0.2077613618149283
190551013,8047932,0.7555826037325668,1.5147797189307377,1.7003893859251173,0.5044005895867719,0.007220780191241353,0.3917785336392298
52579312,8047932,0.3673604542787193,0.0,0.0,0.0,0.000285451032821681,0.39812590526185815
48229362,8047932,0.026250880897229496,0.0,3.7912268212226926e-08,1.801274030051385e-09,0.0,0.0
62381042,8047932,0.10493252234807585,0.0,0.0,0.0,9.124333948759336e-05,0.20612494390408845
103889912,8047932,1.470508014677111,0.0,0.0,0.0,0.0,0.3391242959746207
186287100,8047932,0.49461846837682827,1.1747681644828054,1.1286372163242606,0.6279628897364536,0.012578360191546708,0.34539833383637875
182692865,8047932,0.3088991879349172,0.6950821043986883,1.9492809944354297,0.6574478971119678,0.5100830755110299,0.2682231827759617
9913352,8047932,0.10513799298309173,0.0,0.0,0.0,0.0,0.13536348816442387
124652552,8047932,0.31526133296112574,0.0,0.0,0.0,0.0,0.23928528254813577
5006346,8047932,0.07158853311280686,0.16468929081750527,1.0237743390387812,0.0,6.132389785228451,0.15210315737927393
195148810,8047932,0.36778117962486445,0.0,0.0,0.0,0.0,0.2532581406691059
187800589,8047932,0.07885886491682205,0.0,0.0,0.0,0.0,0.10739092475021837
125172752,8047932,1.365036797763727,0.0,0.0,0.0,2.694156364484428e-05,0.5139607761608572
139559952,8047932,0.17948240175000751,2.9346570278542923,0.6810354608552146,0.20487376169791915,0.0,0.2749417229588284
135576592,8047932,0.49870592360777916,0.0,0.0,0.0,8.324754002443572e-05,0.4068282871856681
215022615,8047932,1.9167806571669264,0.0,0.0,0.0,0.0,0.2982916922565126
83784732,8047932,0.21021277949912237,0.0,0.0,0.0,0.0,0.20165758010003323
195124254,8047932,0.20633058085842915,1.8620511553501014,0.5936340357204063,1.1935462491124815,0.03123317669886441,0.19445507443250565
163077152,8047932,0.026250880897229496,0.0,3.7912268212226926e-08,1.801274030051385e-09,0.0,0.0
201640993,8047932,0.052568996491545866,0.0,0.0,0.0,0.0,0.06768174408221193
38601762,8047932,0.023820926952926674,0.7726454377720976,0.22390609802222838,0.42515071256664505,1.270009016240037,0.0
153617452,8047932,0.021121235478910455,4.46965904485445,0.5769054551294779,0.11897159230282779,0.0,0.0
92112892,8047932,0.052568996491545866,0.0,0.0,0.0,0.0,0.06768174408221193
164559922,8047932,0.3413715659807635,0.0,0.0,0.0,0.0,0.2982286617752466
146261042,8047932,0.052568996491545866,0.0,0.0,0.0,0.0,0.06768174408221193
9598004,8047932,0.2323375876381274,2.1498297964549002,0.7771396136515781,0.19163574194865807,0.0019672202211411926,0.3251282978542446
159386682,8047932,0.021589679351225296,1.3792054773085312,1.1732403559826163,0.7046415407034322,0.1348534525753472,0.0
95552572,8047932,0.0744346351124398,5.182901097916792,0.07091732375734593,0.06837226609029048,0.06448751714616367,0.09700776618127123
6132803,8047932,2.6774673349467406,0.0,0.0,0.0,0.0004410393289633594,0.6322177744029149
203070534,8047932,0.4990735017230618,0.0,0.0,0.0,0.0,0.2802190931845934
90334282,8047932,0.022739934242151576,4.04794913952643,0.0,0.2215624214856265,0.10957948375444689,0.0
5596244,8047932,0.9190631479491858,0.0,0.0,0.0,0.0,0.35313449763100857
20448341,8047932,0.36778117962486445,0.0,0.0,0.0,0.0,0.2532581406691059
107568222,8047932,0.023187332065844557,0.7238215654314313,0.6568451553992228,0.5316736817789812,0.6077620452681888,0.0
134642782,8047932,0.10024643887942093,3.0126321694124787,0.8488729964044789,0.3057009261658474,0.0,0.176303161040958
94442592,8047932,0.02403321111315459,0.5152074666067984,0.6740101382927621,0.16526734783610192,0.0,0.0
110179422,8047932,1.099075029928993,4.082761182579983,0.0,0.38428849165928675,0.06543158059560217,0.32164391609935766
136868962,8047932,0.04568465572236939,0.07221167676616051,2.024462221729955,0.1917977690286709,2.3916709008245953,0.03445059019461151
12133475,8047932,0.12878964297293374,0.7865025731523828,0.6525784822922797,0.1847252747185442,0.0,0.23400318428308559
134534242,8047932,0.13126124222749228,0.0,0.0,0.0,4.6142998879473004e-05,0.2085660694615451
189750368,8047932,0.052568996491545866,0.0,0.0,0.0,0.0,0.06768174408221193
12250215,8047932,0.8627541643079988,2.661662532480811,0.37966742490902644,0.5121260943900928,0.03685173678105708,0.4191281504350293
197475431,8047932,0.13141123593285967,0.0,0.0,0.0,0.0,0.1569050412340852
111596652,8047932,0.12710839288233486,0.9883742296683179,0.9693106499813399,0.2922852098379942,0.8733502574766396,0.23812969172009418
18478191,8047932,0.052568996491545866,0.0,0.0,0.0,0.0,0.06768174408221193
102808692,8047932,0.18064448459727708,2.5437040186066215,0.04974607660123981,0.8121257976408475,0.21934025242197513,0.3109746145694409
136836222,8047932,0.02187059209053886,1.6189259050706024,1.0392551328579995,0.467489803292743,0.18726590258306633,0.0
33281152,8047932,0.026250880897229496,0.0,3.7912268212226926e-08,1.801274030051385e-09,0.0,0.0
198085766,8047932,0.026250880897229496,0.0,3.7912268212226926e-08,1.801274030051385e-09,0.0,0.0
13855882,8047932,0.2363264539708275,0.0,0.0,0.0,0.0,0.2643616348955664
149343372,8047932,0.9152110213694495,0.7151834308896403,0.8398024996537169,0.9400193540757965,0.08767299716342385,0.49831110464411066
187024524,8047932,0.34152152688030735,0.0,0.0,0.0,0.0,0.24656739816021306
99220622,8047932,0.07535372913468,1.4363161472340136,0.7323033008958058,0.43842830562970336,0.30438797062046813,0.09766455461696084
3918990,8047932,0.44609661945214624,0.0,0.0,0.0,0.00034007599516246026,0.3242221142470026
166397072,8047932,0.07885886491682205,0.0,0.0,0.0,0.0,0.10739092475021837
128894102,8047932,0.33755261531665887,2.1089670844366193,0.62338258124236,0.42343113315747805,0.0,0.3833525217644327
152929432,8047932,0.2100518329873635,0.0,0.0,0.0,0.0,0.2571033676165837
3071135,8047932,0.18039004608850445,2.1335035038637344,0.634505852422007,0.2571752871181428,0.12516342368842076,0.17989269310959172
81646752,8047932,0.12720421026209394,3.841144423450226,0.0,1.4441668391307956,0.07180629197229066,0.145341140352706
106812582,8047932,2.1219036940083686,1.0004498636626316,1.2435941194507107,0.3591624274962472,0.4584047115909036,0.5123747722625841
8854694,8047932,0.834623854850948,2.6093550822414002,1.1717848629120942,0.5366477556405602,0.0,0.4411973756358452
191351977,8047932,0.04769256732421516,2.003843555954967,1.0761117474342434,0.8092783560064898,0.0,0.05772935378609929
142779562,8047932,0.2624388633585464,0.0,0.0,0.0,0.0001860913558423068,0.3258268850255091
142433452,8047932,0.07885886491682205,0.0,0.0,0.0,0.0,0.10739092475021837
95321262,8047932,0.026250880897229496,0.0,3.7912268212226926e-08,1.801274030051385e-09,0.0,0.0
186512558,8047932,0.07875731897381984,0.0,0.0,0.0,0.0,0.14237332180461093
108192952,8047932,0.07885886491682205,0.0,0.0,0.0,0.0,0.10739092475021837
190362809,8047932,0.39403193840643697,0.0,0.0,0.0,0.0,0.2502299306406859
8762557,8047932,0.07636373033249412,0.7846476028264474,0.6494687918584224,0.20864744828492454,0.0,0.1378785700608546
139449542,8047932,0.49871495448090514,0.0,0.0,0.0,9.098123744096853e-05,0.39415271676433655
190737608,8047932,0.026250880897229496,0.0,3.7912268212226926e-08,1.801274030051385e-09,0.0,0.0
106050762,8047932,1.0761735756733242,0.0,0.0,0.0,0.0002667298832629117,0.48217794915509626
65420492,8047932,0.21021277949912237,0.0,0.0,0.0,0.0,0.20165758010003323
55940302,8047932,0.944969805907366,0.0,0.0,0.0,4.389398839062758e-05,0.49097306616061875
208444625,8047932,0.026250880897229496,0.0,3.7912268212226926e-08,1.801274030051385e-09,0.0,0.0
97436882,8047932,0.1576807564206103,0.0,0.0,0.0,0.0,0.17437884275912902
61080792,8047932,0.31083514785398925,1.8710326177406742,0.9389279477876299,0.2879889646383517,0.08953310436698755,0.342388806191183
185760984,8047932,0.026250880897229496,0.0,3.7912268212226926e-08,1.801274030051385e-09,0.0,0.0
207846627,8047932,2.0480492699401256,0.0,0.0,0.0,0.0,0.2993440813164892
12106980,8047932,0.5774972646806266,0.0,0.0,0.0,6.681424835426292e-05,0.3765635484184174
159143142,8047932,0.10513799298309173,0.0,0.0,0.0,0.0,0.13536348816442387
8219882,8047932,0.21006281848240316,0.0,0.0,0.0,1.6481300292799608e-07,0.2533188428743123
148163822,8047932,0.022336124808739023,2.2536172112223913,0.7283450423403338,0.3623674040935811,0.016815883089407093,0.0
197457135,8047932,0.052568996491545866,0.0,0.0,0.0,0.0,0.06768174408221193
45210862,8047932,0.9450074486231285,0.0,0.0,0.0,8.580691570453088e-05,0.4779947381117317
200049902,8047932,0.026250880897229496,0.0,3.7912268212226926e-08,1.801274030051385e-09,0.0,0.0
212835581,8047932,0.026250880897229496,0.0,3.7912268212226926e-08,1.801274030051385e-09,0.0,0.0
89056512,8047932,0.07257134764350717,0.3937162180117968,0.0,0.0,8.152227328616993,0.12582504012677417
180532482,8047932,0.052568996491545866,0.0,0.0,0.0,0.0,0.06768174408221193
211176709,8047932,0.07885886491682205,0.0,0.0,0.0,0.0,0.10739092475021837
209704202,8047932,0.026250880897229496,0.0,3.7912268212226926e-08,1.801274030051385e-09,0.0,0.0
51293452,8047932,0.026250880897229496,0.0,3.7912268212226926e-08,1.801274030051385e-09,0.0,0.0
202843407,8047932,0.18394770807210656,0.0,0.0,0.0,0.0,0.18904552695340035
122916112,8047932,0.6253517380797001,3.9224107621056072,0.4782560686263803,0.6244768977157422,0.0,0.3553972028458695
145925392,8047932,0.022506978991478882,1.527212592703123,0.8837301018383923,0.23566658622805353,0.18676363203440963,0.0
161582352,8047932,0.022613737469048902,1.0545438105665237,0.8437781749771174,0.5637001556782602,0.35862744371724187,0.0
186492181,8047932,0.5735428918455194,1.1761997497544285,1.1304143335778567,0.614539873545451,0.011792059597621564,0.31677170076174693
197004565,8047932,1.7065936094864416,0.0,0.0,0.0,0.0,0.4166479258882455
88497432,8047932,0.1540404770050795,0.9832799730344352,0.8001065273371373,0.3959641541047577,0.5300590206937777,0.2331847930111222
152653082,8047932,0.026250880897229496,0.0,3.7912268212226926e-08,1.801274030051385e-09,0.0,0.0
10394906,8047932,0.026250880897229496,0.0,3.7912268212226926e-08,1.801274030051385e-09,0.0,0.0
13741338,8047932,0.28898901150039963,0.0,0.0,0.0,0.0,0.21875069434623193
174017822,8047932,0.026250880897229496,0.0,3.7912268212226926e-08,1.801274030051385e-09,0.0,0.0
190217503,8047932,0.10513799298309173,0.0,0.0,0.0,0.0,0.13536348816442387
1105187,8047932,0.38984004563468233,1.4777124951684704,0.9956633906072851,0.4680659118454546,0.0,0.3205117590739831
99374372,8047932,0.20698003489177927,3.3456368309810314,0.16513306051843463,0.09670845351502934,0.10084449439092386,0.1939102158256718
190082340,8047932,0.2849633813490507,1.4108936502882228,0.9471902379524606,0.4643901346435991,0.0,0.2807163587053667
191536431,8047932,0.5470528945494088,1.6634858390499085,0.9741070348752296,0.9106133541407306,0.09060687323465447,0.2307941821495652
186256688,8047932,0.15249304920894893,0.9490899837507075,1.294376399101286,0.6977251823013995,0.6612568034178534,0.24066341317051315
112977202,8047932,0.052568996491545866,0.0,0.0,0.0,0.0,0.06768174408221193
185873718,8047932,0.07885886491682205,0.0,0.0,0.0,0.0,0.10739092475021837
150287672,8047932,0.0477762253714685,2.0769431319310176,1.0632351594463088,0.6524782022903668,0.020450419833843107,0.05583216964494554
11789624,8047932,0.15160522829321751,0.4307808366892303,1.6722727111728763,0.7762027698436001,1.0234756132719343,0.2550641608513501
94901562,8047932,0.25685731587728133,1.3679352252927752,1.6225477736811216,0.5235043900605449,0.1315126192173219,0.30915439292473196
183735614,8047932,0.8621917230217364,1.1071071384789068,0.985268574907664,0.9265781353018085,0.10756981270525817,0.4352188930775034
11525440,8047932,0.07506931714762315,2.1480103072723464,0.6679812485807582,0.2521574480766402,0.11491016620038365,0.14930391099186896
141745472,8047932,0.15150688504911392,0.6492512650216729,1.825135421224662,0.6819828731059088,0.6686024335205278,0.1809458828252216
162610502,8047932,0.021079895919186645,0.6703815658857105,1.567188811641924,0.473293036997976,0.513129415938072,0.0
11787594,8047932,0.021953466682549397,2.800974137442165,0.6517128055173255,0.5242282633699167,0.029778078014677703,0.0
3499340,8047932,0.3648408649249276,1.3329164435069079,0.5920603644562659,0.13579844720007636,0.0,0.35299183106907794
212059471,8047932,0.052568996491545866,0.0,0.0,0.0,0.0,0.06768174408221193
8996176,8047932,0.07373025016875834,3.0881244341314873,0.6766450759628246,1.1036448407321218,0.0,0.1489721178396436
77149522,8047932,0.02270794876161819,2.166908810186137,0.5648661167155677,0.516048019090653,0.0,0.0
189963602,8047932,0.026250880897229496,0.0,3.7912268212226926e-08,1.801274030051385e-09,0.0,0.0
127393122,8047932,0.41994724645718534,0.0,0.0,0.0,9.896636068300995e-05,0.3863804133488945
154600802,8047932,0.6037757153957033,0.0,0.0,0.0,0.0,0.3902791202170647
177091942,8047932,0.3106782585514192,2.0145441564691837,0.7795823290637929,1.00490940649555,0.08040832374825906,0.2726268101943596
184470890,8047932,1.5755200320919547,0.0,0.0,0.0,0.0,0.3368269269029578
87465342,8047932,0.13141123593285967,0.0,0.0,0.0,0.0,0.1569050412340852
110376322,8047932,0.20676280303646624,4.045169944307102,0.025423462578900134,0.0683855791946942,0.13278177727084106,0.19345453491880377
38600072,8047932,0.787418436087578,0.0,0.0,0.0,0.000156010464730187,0.48292576845049556
186940811,8047932,0.7616219296015216,0.0,0.0,0.0,0.0,0.29456531348410275
195669388,8047932,0.13141123593285967,0.0,0.0,0.0,0.0,0.1569050412340852
210849164,8047932,0.026250880897229496,0.0,3.7912268212226926e-08,1.801274030051385e-09,0.0,0.0
182797716,8047932,0.34122261337142096,0.0,0.0,0.0,0.0001135847426504926,0.3162870504604383
173950362,8047932,0.2068279269835004,2.237279216185251,0.5250180885240994,0.36928304488484875,0.0,0.17730932224632254
187833754,8047932,0.022121289397808518,2.2974231345041067,0.0,2.8867766328033717,0.1320202104558603,0.0
204977566,8047932,0.026250880897229496,0.0,3.7912268212226926e-08,1.801274030051385e-09,0.0,0.0
58666402,8047932,1.2867091796262624,0.0,0.0,0.0,0.0,0.3127610097972921
63255972,8047932,1.3348808189796242,1.5138220676876784,0.7818804644657086,0.8112310368818652,0.10246088904581892,0.45423987172109187
107500972,8047932,0.21021277949912237,0.0,0.0,0.0,0.0,0.20165758010003323
146537902,8047932,0.07415275218607628,2.6596163108817166,0.9026296669335121,0.3235415918651026,0.0,0.13177608387093406
183504312,8047932,1.5755294041329915,0.0,0.0,0.0,0.0,0.3470683032359963
186838461,8047932,0.02198669607559536,1.1690213861096173,1.1134943506589974,0.7137813774992188,0.01741434510913285,0.0
11515327,8047932,0.026250880897229496,0.0,3.7912268212226926e-08,1.801274030051385e-09,0.0,0.0
183289280,8047932,0.09923041146118404,1.509976267284468,1.6839154233993108,0.582716846325364,0.012396131614759488,0.15351143719834257
189058514,8047932,1.1241500153873125,3.406976837886266,0.6685746367973744,0.6490086712591987,0.0,0.36835338243295357
187952594,8047932,0.3676796336818622,0.0,0.0,0.0,0.0,0.28824053772349845
8201684,8047932,0.6037312635066189,0.0,0.0,0.0,0.0001151114897626603,0.41644501265968853
15680991,8047932,1.3649904361284855,0.0,0.0,0.0,0.00026391792055795865,0.5075902601440777
51162592,8047932,0.5462522836809182,1.1517660705395765,1.4116621788891008,0.5571840616577771,0.09060102168665345,0.40383173882610857
190318060,8047932,0.021785672018412514,1.9021203930857495,0.9246448245648796,0.8211507712682673,0.015151012596708927,0.0
8066544,8047932,0.052568996491545866,0.0,0.0,0.0,0.0,0.06768174408221193
191518193,8047932,0.13141123593285967,0.0,0.0,0.0,0.0,0.1569050412340852
189050356,8047932,0.49625559771004935,1.480879751853983,0.37633463267345924,0.7077877685367407,0.0,0.3327362297421935
97725942,8047932,0.07885886491682205,0.0,0.0,0.0,0.0,0.10739092475021837
107138552,8047932,5.247307067506323,2.569854814939708,0.35827032689557914,0.13298530647517917,0.014704704564183636,0.5308381848582451
87088632,8047932,0.21021277949912237,0.0,0.0,0.0,0.0,0.20165758010003323
179465722,8047932,0.3938372740493741,0.0,0.0,0.0,0.0,0.3294039775799797
185193989,8047932,0.3366461601054507,1.3589982397052993,1.2381475884403637,0.6987087606263446,0.29202959871345036,0.2323026907644452
103824902,8047932,0.026250880897229496,0.0,3.7912268212226926e-08,1.801274030051385e-09,0.0,0.0
181507592,8047932,0.2063213471727137,2.2431472348952326,0.43632388312594106,1.0747712756064234,0.0790468534710411,0.24544250930340872
187825678,8047932,0.026250880897229496,0.0,3.7912268212226926e-08,1.801274030051385e-09,0.0,0.0
102575632,8047932,0.022321990895841155,3.0950708875839426,0.46262135748899086,0.3731158460102074,0.0,0.0
9696793,8047932,0.10513799298309173,0.0,0.0,0.0,0.0,0.13536348816442387
159481372,8047932,0.026250880897229496,0.0,3.7912268212226926e-08,1.801274030051385e-09,0.0,0.0
165557792,8047932,0.12508662532976408,0.6607188089304871,1.8596946832875096,0.6521432120541837,0.6870406339336651,0.21601866558655394
13395490,8047932,0.05005029780487806,1.3860036292856708,0.4236124430630193,0.1273554808422178,0.16539230719449785,0.11261156302671431
177940002,8047932,0.022581610830268516,3.1473737497418415,0.13057787208712046,0.9580439420820209,0.11247188349783205,0.0
140760612,8047932,0.07885886491682205,0.0,0.0,0.0,0.0,0.10739092475021837
121290282,8047932,0.10513799298309173,0.0,0.0,0.0,0.0,0.13536348816442387
27967022,8047932,0.07885886491682205,0.0,0.0,0.0,0.0,0.10739092475021837
17819191,8047932,0.4199071222524075,0.0,0.0,0.0,0.0001306755794731646,0.40019520252880764
176447032,8047932,0.13141123593285967,0.0,0.0,0.0,0.0,0.1569050412340852
118091322,8047932,0.20374309374270727,0.46071787607353953,1.9337171906813317,0.39596846979749606,1.078451801788484,0.21704279473605556
190504508,8047932,0.07329508903643421,1.184856432048462,1.602652611367523,0.4521325450964423,0.24630975354451848,0.1421300568718996
143222332,8047932,0.026250880897229496,0.0,3.7912268212226926e-08,1.801274030051385e-09,0.0,0.0
209614397,8047932,0.026250880897229496,0.0,3.7912268212226926e-08,1.801274030051385e-09,0.0,0.0
147086912,8047932,0.4463899295916461,0.0,0.0,0.0,0.0,0.3028661515741187
111023682,8047932,0.41988629877073996,0.0,0.0,0.0,0.00020594019608136693,0.38463905892497763
136390212,8047932,0.36777215012957,0.0,0.0,0.0,0.0,0.24339108406498952
11583046,8047932,0.5512269267845448,0.0,0.0,0.0,0.0001477035684678808,0.404648758497447
182769228,8047932,0.04799980112696024,1.4085050023124566,1.0464541562025844,0.9583898965459182,0.19467126325545372,0.05529229290110339
190395981,8047932,0.021785672018412514,1.9021203930857495,0.9246448245648796,0.8211507712682673,0.015151012596708927,0.0
83213902,8047932,0.13141123593285967,0.0,0.0,0.0,0.0,0.1569050412340852
204504658,8047932,0.44653989049118986,0.0,0.0,0.0,0.0,0.25120488795908513
12656215,8047932,2.3625159345457183,0.0,0.0,0.0,0.00027853730643183507,0.5892950223089964
146599512,8047932,0.2054782306705573,3.0078324627153785,0.7449213698096502,0.5064543847556827,0.0,0.22670520674893554
104597082,8047932,0.026250880897229496,0.0,3.7912268212226926e-08,1.801274030051385e-09,0.0,0.0
163204712,8047932,0.6039693276120561,0.0,0.0,0.0,0.0,0.29690003785615765
1850986,8047932,0.44602562241383575,0.0,0.0,0.0,0.00042981810579739466,0.39163171039940686
92677742,8047932,0.050563919403879116,0.5503880685939965,0.5224855091338098,0.147481384724382,0.08817851077814125,0.09728759228939936
95859,8047932,0.052568996491545866,0.0,0.0,0.0,0.0,0.06768174408221193
1224310,8047932,1.99505472800445,0.0,0.0,0.0,0.0002958119698716334,0.47718283588180294
14265979,8047932,2.1743926034984646,2.6144913842486868,0.6181063190662065,1.0476009574366103,0.020874690978492587,0.5330329480922509
157572732,8047932,0.36777215012957,0.0,0.0,0.0,0.0,0.24339108406498952
151391872,8047932,0.1789465306894419,2.8306723731390706,0.9476796359082686,0.32090954691333407,0.0,0.2296296022057885
88825472,8047932,0.13130968998985745,0.0,0.0,0.0,0.0,0.1918874382884778
199368321,8047932,0.31524026413877204,0.0,0.0,0.0,0.0,0.21626215047186428
111023752,8047932,0.022058607586655544,1.2682024587869134,1.123433321298154,0.29478256401950714,0.20921446656115406,0.0
35974792,8047932,0.022149403193506865,3.0604245540485735,0.4851397511932286,0.564329432559132,0.0,0.0
182847112,8047932,0.36775971250770123,0.0,0.0,0.0,0.0,0.22979976860407972
191250059,8047932,0.42019760012112034,0.0,0.0,0.0,0.0,0.30015876479682996
192009873,8047932,2.2843777446261733,0.0,0.0,0.0,0.0,0.35038157719340707
53014162,8047932,0.7611345103558449,0.0,0.0,0.0,0.00021989720386588068,0.45348274550990486
100857502,8047932,0.020079890054651797,0.3828491594762068,1.7427052961553602,0.6135746500700441,1.4558181711394287,0.0
146452132,8047932,0.5775748206917284,0.0,0.0,0.0,0.0,0.38601362871843764
197846693,8047932,1.312979217959264,0.0,0.0,0.0,0.0,0.3308006910574165
142941862,8047932,0.052568996491545866,0.0,0.0,0.0,0.0,0.06768174408221193
191289001,8047932,0.787871714999251,0.0,0.0,0.0,0.0,0.2904734301089639
185618093,8047932,0.07885886491682205,0.0,0.0,0.0,0.0,0.10739092475021837
8154801,8047932,0.12726400284286632,1.366579310392256,0.8992971651174467,0.7238180753425112,0.0,0.2465996460743844
35423922,8047932,0.6035945293722254,0.0,0.0,0.0,0.0003120834325138846,0.44471988410427676
132759222,8047932,0.8365869294931603,1.1034800633754425,0.7897606044500044,0.6156671669927852,0.0517834282788398,0.48316841822699574
10942140,8047932,0.15402021901472154,1.5666701267782515,0.7210992346127718,0.43926207126615574,0.1296962616406777,0.23535885680724947
192224957,8047932,0.026250880897229496,0.0,3.7912268212226926e-08,1.801274030051385e-09,0.0,0.0
9838270,8047932,0.30966681638154203,1.1235652039546236,1.4990624695246821,0.5055499343374875,0.27917359155013216,0.3681910085803761
101928642,8047932,0.18392964908151765,0.0,0.0,0.0,0.0,0.16931141374516762
186873540,8047932,0.20991052733221902,0.0,0.0,0.0,0.00013400962346498538,0.3057494090549371
186412756,8047932,0.3367659449159191,1.4112578484772171,1.1498204308568372,0.6101729101925526,0.1623933496873812,0.2939313407930435
188890844,8047932,0.026250880897229496,0.0,3.7912268212226926e-08,1.801274030051385e-09,0.0,0.0
10690270,8047932,0.022121289397808518,2.2974231345041067,0.0,2.8867766328033717,0.1320202104558603,0.0
118189792,8047932,0.5971172899865042,0.1431556396810274,1.5462275177055114,0.6108193589046974,2.9313895924696314,0.42754219025488466
190732001,8047932,0.2890005035853198,0.0,0.0,0.0,0.0,0.2313087663878345
38749922,8047932,0.31526133296112574,0.0,0.0,0.0,0.0,0.23928528254813577
63635172,8047932,0.26243668052205843,0.0,0.0,0.0,0.00011259093547024783,0.326597245313658
195155684,8047932,0.026250880897229496,0.0,3.7912268212226926e-08,1.801274030051385e-09,0.0,0.0
171704042,8047932,0.02147447711354143,3.513261588222905,0.3719876247258225,1.3123446955769211,0.035666489541991475,0.0
191645418,8047932,0.07404187557694043,1.4017661527756407,1.158770631120462,1.0126277734423168,0.10114807165713802,0.09544139599025282
166002412,8047932,0.022795161970742016,1.3774498393895063,0.8024544457762017,0.4605767650389183,0.0,0.0
203892471,8047932,0.2890005035853198,0.0,0.0,0.0,0.0,0.2313087663878345
3540728,8047932,0.7088192063101889,0.0,0.0,0.0,4.5291002726583096e-05,0.4162943200465306
157781752,8047932,0.28898901150039963,0.0,0.0,0.0,0.0,0.21875069434623193
186887932,8047932,0.21021277949912237,0.0,0.0,0.0,0.0,0.20165758010003323
11372285,8047932,0.2362006135106031,0.0,0.0,0.0,0.00012242455133804086,0.3076828407104434
61316862,8047932,0.23111140886099743,0.8654614241626265,1.4344732393162896,0.7149875833158802,0.43729685854059996,0.2749970735034307
158875392,8047932,0.026250880897229496,0.0,3.7912268212226926e-08,1.801274030051385e-09,0.0,0.0
100374272,8047932,0.026250880897229496,0.0,3.7912268212226926e-08,1.801274030051385e-09,0.0,0.0
66098962,8047932,0.07885886491682205,0.0,0.0,0.0,0.0,0.10739092475021837
154984212,8047932,0.415734922182234,1.87467841713681,1.0329575600971634,0.3585725522645897,0.03072019818599297,0.3036944068409613
192442133,8047932,0.026250880897229496,0.0,3.7912268212226926e-08,1.801274030051385e-09,0.0,0.0
160487202,8047932,0.4144041962395746,0.997793822500016,1.6692539196265002,0.521657316951245,0.2644162785509509,0.3635222340388901
186654500,8047932,0.8889749312038984,1.3703931721642904,0.8232641995677212,0.7107654141991078,0.06064948727456518,0.36304614364353116
10503973,8047932,0.42005423467503983,0.0,0.0,0.0,2.2258815737038824e-06,0.2927699049405587
182589222,8047932,0.26250313508315404,0.0,0.0,0.0,0.0,0.3037319176434923
65175332,8047932,0.026250880897229496,0.0,3.7912268212226926e-08,1.801274030051385e-09,0.0,0.0
211814182,8047932,0.07885886491682205,0.0,0.0,0.0,0.0,0.10739092475021837
3129131,8047932,2.1262268088582115,0.0,0.0,0.0,0.000307222792062985,0.519195341605776
189919020,8047932,0.2888395570735609,0.0,0.0,0.0,0.0,0.286754553904385
9447212,8047932,0.4170477092683218,0.5591484398634298,0.7434815318664462,0.8577811642306349,0.01036183049591307,0.355590753340672
14427951,8047932,0.23617635360595451,0.0,0.0,0.0,0.00019616482145728775,0.3160218978222511
11052851,8047932,0.6561316947563146,0.0,0.0,0.0,0.0001335708441971862,0.46290861245260706
190101305,8047932,0.8350521417702038,1.714021298207485,1.0736758766593015,1.2025247773437953,0.0,0.42828501102266947
142745402,8047932,0.026250880897229496,0.0,3.7912268212226926e-08,1.801274030051385e-09,0.0,0.0
97527612,8047932,0.023119280645105267,3.7756019163825183,0.0,0.022641568708611955,0.09657758908845886,0.0
209600316,8047932,0.026250880897229496,0.0,3.7912268212226926e-08,1.801274030051385e-09,0.0,0.0
96137022,8047932,0.9123256397580323,8.009863465837785,0.0,0.009568447565499632,0.02605657733999072,0.4434331682552746
183850826,8047932,0.026250880897229496,0.0,3.7912268212226926e-08,1.801274030051385e-09,0.0,0.0
7292762,8047932,1.4658700941366238,0.9450637958545746,1.0092651140741873,0.5881412448565625,0.42726269522040744,0.5618444475703421
185442139,8047932,0.34129300058544126,0.0,0.0,0.0,2.948606517957289e-06,0.292066442090659
183267171,8047932,0.026250880897229496,0.0,3.7912268212226926e-08,1.801274030051385e-09,0.0,0.0
9277284,8047932,0.026250880897229496,0.0,3.7912268212226926e-08,1.801274030051385e-09,0.0,0.0
187010918,8047932,0.3415118028084518,0.0,0.0,0.0,0.0,0.2359413372019339
34213742,8047932,0.07885886491682205,0.0,0.0,0.0,0.0,0.10739092475021837
192927605,8047932,0.26273891746113276,0.0,0.0,0.0,0.0,0.22250530709639324
96472952,8047932,0.022688017516779395,1.2757097978157832,0.7356117936277561,0.46627495002172664,0.4817813089261883,0.0
182656889,8047932,0.13141123593285967,0.0,0.0,0.0,0.0,0.1569050412340852
195385212,8047932,0.18394770807210656,0.0,0.0,0.0,0.0,0.18904552695340035
187498368,8047932,0.026250880897229496,0.0,3.7912268212226926e-08,1.801274030051385e-09,0.0,0.0
105392002,8047932,0.2589566043224771,4.207410197939838,0.0,0.13760876514979417,0.06320463131813829,0.30514394031398284
190453636,8047932,0.3415118028084518,0.0,0.0,0.0,0.0,0.2359413372019339
101728142,8047932,0.026250880897229496,0.0,3.7912268212226926e-08,1.801274030051385e-09,0.0,0.0
161025942,8047932,0.023903336727173145,0.3151061729066523,0.6683995319363997,0.4522882222444831,0.12205855529620803,0.0
161746842,8047932,0.4683367315802978,1.7468399090515532,0.8356520026158953,0.6037097846000152,0.21277659927609896,0.4064904566719112
11902876,8047932,0.022379086986418294,2.505576863310123,0.6874661600253309,0.18608395224817434,0.0,0.0
11954080,8047932,0.052568996491545866,0.0,0.0,0.0,0.0,0.06768174408221193
5373871,8047932,0.07885886491682205,0.0,0.0,0.0,0.0,0.10739092475021837
204412847,8047932,0.026250880897229496,0.0,3.7912268212226926e-08,1.801274030051385e-09,0.0,0.0
3557300,8047932,1.3649731361979127,0.0,0.0,0.0,0.00016508827831772323,0.5358575323144301
93114292,8047932,0.18392964908151765,0.0,0.0,0.0,0.0,0.16931141374516762
9996219,8047932,0.23612802952249953,0.0,0.0,0.0,0.00026291507660369535,0.3326527694867048
121589702,8047932,0.021156676277463933,2.7191662042949263,0.901787211018776,0.8700612583773788,0.0,0.0
177766342,8047932,0.9191294612078684,0.0,0.0,0.0,0.0,0.27965128971636244
149510092,8047932,0.47252585761334776,0.0,0.0,0.0,7.011180356801285e-06,0.365271885673987
161013712,8047932,0.1292326761778655,0.519309758954782,0.6757753015615708,0.1264435033967287,0.0,0.15088493677068793
34783192,8047932,2.2056235070485606,0.0,0.0,0.0,0.0,0.3573230536077301
77948892,8047932,0.7827920768245018,0.8697394121192684,1.3354758273489076,0.6215119081608813,0.3109791298364195,0.4363777981074756
2619360,8047932,0.6823727454807608,0.0,0.0,0.0,0.00026452877611853103,0.46469417521708767
30037992,8047932,0.050902277026891485,0.04364246270157487,0.0,1.9135461978668495,0.05299385425225234,0.11838124738539296
206110704,8047932,15.121895927404319,0.0,1.965276277663942e-06,9.337349854686868e-08,0.0,0.0
13588472,8047932,3.098230694087667,0.0,0.0,0.0,0.0,0.34330184008646614
161253372,8047932,0.050927510952368235,0.20696819127857619,0.3008083035236177,0.9281909607951807,0.04216540257573692,0.06555092582127216
