member,group_id,m1,m2,m3,m4,m5,m6,m7,m8,m9,m10,m11,m12
136538112,1169470,0,0,71,0.0,5.47546116202683,0.0,0.0,0.0,0.0,0.0,0.0,0.0
187523089,1169470,0,0,8,0.0,3.0,0.0,0.0,0.0,0.0,0.0,0.0,0.0
7704598,1169470,0,0,18,1.0,4.169925001442313,1.0,0.0,0.0,0.0,0.0,0.0,0.0
191002647,1169470,0,0,3,0.0,1.584962500721156,0.0,0.0,0.0,0.0,0.0,0.0,0.0
12161048,1169470,18,2,5,0.0,2.321928094887362,0.0,81.44444444444444,29.333333333333332,3.0555555555555554,0.5181590938683608,1.0339876720984438,0.67937881613866
147542042,1169470,39,9,18,2.751629167387823,4.058813890331201,3.584962500721156,61.17948717948718,17.564102564102566,7.128205128205129,1.0168272133475065,1.7362736235303227,1.2759942698322646
197793825,1169470,0,0,10,0.0,3.121928094887362,0.0,0.0,0.0,0.0,0.0,0.0,0.0
184162345,1169470,0,0,7,0.0,2.8073549220576046,0.0,0.0,0.0,0.0,0.0,0.0,0.0
184526891,1169470,0,0,46,0.9182958340544896,5.2462817929665,1.584962500721156,0.0,0.0,0.0,0.0,0.0,0.0
65783852,1169470,39,9,2,1.0,1.0,1.0,61.84615384615385,17.743589743589745,7.6923076923076925,1.0825427849333256,1.8866882084633694,1.3935574108763966
8202289,1169470,0,0,1,0.0,0.0,0.0,0.0,0.0,0.0,0.0,0.0,0.0
109664312,1169470,11,1,2,0.0,1.0,1.0,61.18181818181818,18.818181818181817,4.0,0.4013670453889857,1.0742877096382837,0.7804511364291961
207724604,1169470,0,0,3,0.0,1.584962500721156,0.0,0.0,0.0,0.0,0.0,0.0,0.0
186185794,1169470,0,0,21,0.0,4.297079327540665,0.0,0.0,0.0,0.0,0.0,0.0,0.0
157718602,1169470,15,1,1,0.0,0.0,0.0,95.2,31.333333333333332,5.8,1.2387834127862642,1.9199725031002737,1.4655804128439565
183470160,1169470,0,0,17,1.0,4.08746284125034,1.0,0.0,0.0,0.0,0.0,0.0,0.0
13656145,1169470,0,0,6,0.0,2.251629167387823,0.0,0.0,0.0,0.0,0.0,0.0,0.0
7176283,1169470,0,0,3,0.0,1.584962500721156,0.0,0.0,0.0,0.0,0.0,0.0,0.0
192036959,1169470,0,0,2,0.0,1.0,0.0,0.0,0.0,0.0,0.0,0.0,0.0
39766112,1169470,16,1,3,0.0,1.584962500721156,0.0,76.5,24.5,4.625,0.3149313619783321,0.8428177567859874,0.5356159755206844
8069220,1169470,6,1,2,0.0,1.0,1.0,63.0,25.666666666666668,4.833333333333333,0.9769253595675652,1.5461359328418052,1.3178150992680864
10741868,1169470,0,0,1,0.0,0.0,0.0,0.0,0.0,0.0,0.0,0.0,0.0
198678642,1169470,0,0,1,0.0,0.0,0.0,0.0,0.0,0.0,0.0,0.0,0.0
12730487,1169470,19,5,1,0.0,0.0,0.0,82.94736842105263,29.36842105263158,6.684210526315789,0.7604836301108165,1.4166576917341085,1.0646199708925634
96809082,1169470,0,0,7,0.0,2.8073549220576046,0.0,0.0,0.0,0.0,0.0,0.0,0.0
201083003,1169470,0,0,159,0.0,5.578896458806003,0.0,0.0,0.0,0.0,0.0,0.0,0.0
204437629,1169470,0,0,9,0.0,3.169925001442312,0.0,0.0,0.0,0.0,0.0,0.0,0.0
192309379,1169470,0,0,4,0.0,0.8112781244591328,0.0,0.0,0.0,0.0,0.0,0.0,0.0
103100552,1169470,15,1,1,0.0,0.0,0.0,79.4,27.066666666666666,5.266666666666667,0.8600128799107739,1.5302751999218638,1.024421480949721
195192971,1169470,0,0,6,0.0,2.584962500721156,0.0,0.0,0.0,0.0,0.0,0.0,0.0
193890453,1169470,18,1,5,0.0,1.9219280948873623,0.0,82.22222222222223,25.055555555555557,8.555555555555555,1.1977377414667696,2.179079365428862,1.5441422501202067
13045914,1169470,0,0,22,0.0,4.277613436819114,1.0,0.0,0.0,0.0,0.0,0.0,0.0
213434523,1169470,0,0,11,0.0,3.0271691184406193,0.0,0.0,0.0,0.0,0.0,0.0,0.0
195350686,1169470,0,0,9,0.0,1.8799649487271108,0.0,0.0,0.0,0.0,0.0,0.0,0.0
11184288,1169470,11,1,1,0.0,0.0,0.0,84.0,34.18181818181818,5.2727272727272725,0.6606537472395416,1.2784288768239653,0.9006264177825926
12267680,1169470,0,0,1,0.0,0.0,0.0,0.0,0.0,0.0,0.0,0.0,0.0
193419429,1169470,0,0,5,0.0,2.321928094887362,0.0,0.0,0.0,0.0,0.0,0.0,0.0
8999098,1169470,31,11,1,0.0,0.0,0.0,56.61290322580645,19.258064516129032,3.806451612903226,0.5325150442144151,1.2118669907021864,0.7121553418403495
114913472,1169470,27,3,6,2.584962500721156,2.584962500721156,2.584962500721156,71.37037037037037,21.62962962962963,5.037037037037037,0.8657076047469517,1.483286854700562,1.0700221032691801
11409601,1169470,83,20,2,1.0,1.0,1.0,42.1566265060241,9.626506024096386,8.650602409638553,0.8689181510240306,1.9320228363529837,1.237031091437322
192022722,1169470,0,0,23,0.0,4.316827716832514,3.7004397181410926,0.0,0.0,0.0,0.0,0.0,0.0
207872195,1169470,0,0,5,0.0,2.321928094887362,0.0,0.0,0.0,0.0,0.0,0.0,0.0
36317382,1169470,18,2,1,0.0,0.0,0.0,79.94444444444444,27.0,4.388888888888889,0.6083011076971533,1.2887759780182675,0.8460454828053267
209873098,1169470,0,0,14,0.0,3.6644977792004623,0.0,0.0,0.0,0.0,0.0,0.0,0.0
188926159,1169470,0,0,21,0.0,4.297079327540665,0.0,0.0,0.0,0.0,0.0,0.0,0.0
8595663,1169470,0,0,7,0.9182958340544896,2.8073549220576046,1.584962500721156,0.0,0.0,0.0,0.0,0.0,0.0
194220241,1169470,0,0,11,0.0,3.2776134368191165,0.0,0.0,0.0,0.0,0.0,0.0,0.0
198064339,1169470,0,0,1,0.0,0.0,0.0,0.0,0.0,0.0,0.0,0.0,0.0
131631322,1169470,24,2,3,1.0,1.584962500721156,1.0,75.625,23.375,5.25,1.1041686260770185,1.8215961462661705,1.3641080706176172
190478564,1169470,0,0,16,0.0,3.75,0.0,0.0,0.0,0.0,0.0,0.0,0.0
101097702,1169470,0,0,21,0.8112781244591328,4.39231742277876,2.0,0.0,0.0,0.0,0.0,0.0,0.0
89182442,1169470,18,1,62,2.4075362050579714,5.562830786088641,4.700439718141092,89.5,28.72222222222222,6.055555555555555,1.0983525529637772,1.7983729649123406,1.2947574604192615
28995822,1169470,47,14,1,0.0,0.0,0.0,50.40425531914894,14.936170212765957,6.1063829787234045,0.5248160264683148,1.3186715802846642,0.8619549058075697
200413422,1169470,0,0,33,0.0,4.620151695116031,0.0,0.0,0.0,0.0,0.0,0.0,0.0
197546222,1169470,0,0,25,0.0,4.4838561897747224,0.0,0.0,0.0,0.0,0.0,0.0,0.0
195072241,1169470,0,0,12,0.0,3.584962500721156,0.0,0.0,0.0,0.0,0.0,0.0,0.0
13070584,1169470,13,1,1,0.0,0.0,0.0,92.46153846153847,35.15384615384615,3.8461538461538463,0.583695489938812,1.1278290844439989,0.8389915842775783
11196672,1169470,0,0,31,2.4410685859554375,4.7362967135428935,4.169925001442313,0.0,0.0,0.0,0.0,0.0,0.0
197892355,1169470,0,0,5,0.0,2.321928094887362,0.0,0.0,0.0,0.0,0.0,0.0,0.0
204708100,1169470,0,0,7,0.0,2.5216406363433186,0.0,0.0,0.0,0.0,0.0,0.0,0.0
185667856,1169470,34,3,4,1.584962500721156,2.0,1.584962500721156,60.794117647058826,16.441176470588236,13.470588235294118,1.1292413990310144,2.2962906125450586,1.482388148404213
190400789,1169470,9,1,115,1.7924812503605778,5.424339786966658,2.584962500721156,43.22222222222222,7.444444444444445,6.666666666666667,1.091965995297742,2.1851484750656542,1.392916357298681
8835352,1169470,0,0,41,2.725480556997868,5.07439004182694,3.169925001442312,0.0,0.0,0.0,0.0,0.0,0.0
185094442,1169470,0,0,8,0.0,3.0,0.0,0.0,0.0,0.0,0.0,0.0,0.0
17277231,1169470,17,1,1,0.0,0.0,0.0,84.3529411764706,25.352941176470587,5.588235294117647,0.9086281404706148,1.5757681240417014,1.034077408092942
54921522,1169470,0,0,1,0.0,0.0,0.0,0.0,0.0,0.0,0.0,0.0,0.0
8923446,1169470,49,8,23,0.8112781244591328,3.849223912390625,2.0,58.3469387755102,16.775510204081634,5.448979591836735,0.7507301443903701,1.4357452374179103,0.9556578515769477
46969142,1169470,15,1,2,0.0,1.0,1.0,82.8,28.533333333333335,3.066666666666667,0.5161267459272891,1.1607852065181323,0.6429237459849816
202242363,1169470,0,0,3,0.0,1.584962500721156,0.0,0.0,0.0,0.0,0.0,0.0,0.0
12370237,1169470,129,42,2,0.0,1.0,0.0,34.64341085271318,7.294573643410852,7.790697674418604,0.7909896099901601,1.671191016822783,1.1359253203366044
30923072,1169470,67,15,7,2.0,2.8073549220576046,2.0,47.8955223880597,11.91044776119403,6.985074626865671,0.8324352158025153,1.6056281176324088,1.0685073204890634
12771649,1169470,0,0,2,0.0,1.0,0.0,0.0,0.0,0.0,0.0,0.0,0.0
191910208,1169470,26,2,4,0.9182958340544896,2.0,1.584962500721156,71.57692307692308,20.153846153846153,10.0,1.0549430391994297,1.908768368006164,1.2769404634944097
202428739,1169470,0,0,2,0.0,1.0,0.0,0.0,0.0,0.0,0.0,0.0,0.0
163012932,1169470,0,0,15,0.0,3.773557262275185,0.0,0.0,0.0,0.0,0.0,0.0,0.0
202879300,1169470,0,0,3,0.0,1.584962500721156,0.0,0.0,0.0,0.0,0.0,0.0,0.0
30601542,1169470,17,1,10,2.25,3.321928094887362,3.0,86.58823529411765,28.11764705882353,5.764705882352941,0.818341333966319,1.6838487349769566,1.0533465056240303
182886733,1169470,0,0,23,1.0,4.349648912578752,2.0,0.0,0.0,0.0,0.0,0.0,0.0
9730385,1169470,13,5,1,0.0,0.0,0.0,67.0,25.923076923076923,5.384615384615385,0.7065759272068804,1.4387939856101701,0.9609117766407441
195498326,1169470,0,0,15,0.0,3.589898095464287,0.0,0.0,0.0,0.0,0.0,0.0,0.0
196239704,1169470,0,0,7,0.0,2.8073549220576046,0.0,0.0,0.0,0.0,0.0,0.0,0.0
11403609,1169470,11,1,1,0.0,0.0,0.0,102.45454545454545,35.09090909090909,3.6363636363636362,0.6289359849140446,1.1128957360299703,0.6895420455201051
203407704,1169470,0,0,11,0.0,3.459431618637298,0.0,0.0,0.0,0.0,0.0,0.0,0.0
214794587,1169470,0,0,3,0.0,0.9182958340544896,0.0,0.0,0.0,0.0,0.0,0.0,0.0
185084255,1169470,0,0,11,0.0,3.459431618637298,0.0,0.0,0.0,0.0,0.0,0.0,0.0
185532767,1169470,20,1,3,0.0,1.584962500721156,1.584962500721156,81.25,23.65,7.25,0.8460231464094681,1.672894155283442,1.06030493069979
55923042,1169470,0,0,5,0.0,2.321928094887362,0.0,0.0,0.0,0.0,0.0,0.0,0.0
9410924,1169470,0,0,2,0.0,1.0,0.0,0.0,0.0,0.0,0.0,0.0,0.0
183673197,1169470,47,7,9,1.0,2.94770277922009,1.0,50.51063829787234,12.638297872340425,13.404255319148936,1.0614726095180482,2.40878584675884,1.508995691180148
194750828,1169470,0,0,5,0.0,2.321928094887362,0.0,0.0,0.0,0.0,0.0,0.0,0.0
201159030,1169470,0,0,3,0.0,1.584962500721156,0.0,0.0,0.0,0.0,0.0,0.0,0.0
6871416,1169470,3,1,2,0.0,1.0,0.0,84.33333333333333,35.666666666666664,20.333333333333332,1.3310919589765629,2.6685947615540297,2.1069629504500624
187885954,1169470,0,0,7,0.0,2.8073549220576046,0.0,0.0,0.0,0.0,0.0,0.0,0.0
188995983,1169470,0,0,8,0.0,3.0,0.0,0.0,0.0,0.0,0.0,0.0,0.0
13019536,1169470,0,0,2,0.0,1.0,0.0,0.0,0.0,0.0,0.0,0.0,0.0
20736401,1169470,0,0,1,0.0,0.0,0.0,0.0,0.0,0.0,0.0,0.0,0.0
139506072,1169470,0,0,2,0.0,1.0,0.0,0.0,0.0,0.0,0.0,0.0,0.0
22772121,1169470,0,0,1,0.0,0.0,0.0,0.0,0.0,0.0,0.0,0.0,0.0
116119962,1169470,0,0,1,0.0,0.0,0.0,0.0,0.0,0.0,0.0,0.0,0.0
173863322,1169470,0,0,3,0.0,1.584962500721156,0.0,0.0,0.0,0.0,0.0,0.0,0.0
200159641,1169470,0,0,6,0.0,2.584962500721156,0.0,0.0,0.0,0.0,0.0,0.0,0.0
210256282,1169470,0,0,11,0.0,3.027169118440619,0.0,0.0,0.0,0.0,0.0,0.0,0.0
55112102,1169470,16,1,14,0.9182958340544896,3.521640636343319,1.584962500721156,86.875,28.4375,6.5625,1.2558022874983994,1.876002295263035,1.5144771066314333
187038118,1169470,0,0,29,0.0,4.651084443403434,1.0,0.0,0.0,0.0,0.0,0.0,0.0
7190959,1169470,0,0,19,1.5219280948873621,4.142664355548851,2.321928094887362,0.0,0.0,0.0,0.0,0.0,0.0
183374266,1169470,0,0,39,0.0,4.8145168861289065,1.0,0.0,0.0,0.0,0.0,0.0,0.0
191893963,1169470,0,0,17,0.0,3.969815782426811,1.0,0.0,0.0,0.0,0.0,0.0,0.0
183480781,1169470,16,1,8,0.0,2.4056390622295662,1.0,81.3125,25.9375,7.875,1.0565652194495947,2.109179720847478,1.5390397187950877
186595790,1169470,0,0,4,0.0,2.0,0.0,0.0,0.0,0.0,0.0,0.0,0.0
33886672,1169470,21,2,2,1.0,1.0,1.0,79.9047619047619,27.761904761904763,6.666666666666667,0.7483990567495462,1.4677940093857442,1.101650954407963
203061717,1169470,0,0,31,0.0,4.450659520888913,0.0,0.0,0.0,0.0,0.0,0.0,0.0
18786781,1169470,56,14,1,0.0,0.0,0.0,47.982142857142854,13.303571428571429,7.267857142857143,0.6237389530273129,1.5351459396150093,1.046511387747779
11774430,1169470,0,0,9,1.0,3.169925001442312,1.0,0.0,0.0,0.0,0.0,0.0,0.0
189123037,1169470,0,0,5,0.0,2.321928094887362,0.0,0.0,0.0,0.0,0.0,0.0,0.0
148326882,1169470,16,1,14,0.0,3.6644977792004623,2.0,81.3125,25.9375,7.5,1.0565652194495947,2.030501051036797,1.4765397187950877
194013677,1169470,0,0,20,1.5,3.9841837197791885,2.0,0.0,0.0,0.0,0.0,0.0,0.0
3336696,1169470,26,11,7,1.5,2.5216406363433186,2.0,58.46153846153846,21.0,4.230769230769231,0.42247238439941714,1.0446296059403228,0.5958405037049874
8452600,1169470,0,0,2,0.0,1.0,0.0,0.0,0.0,0.0,0.0,0.0,0.0
204005886,1169470,0,0,4,0.0,2.0,0.0,0.0,0.0,0.0,0.0,0.0,0.0
7604738,1169470,17,1,1,0.0,0.0,0.0,80.52941176470588,25.58823529411765,4.0,0.4481612139510293,1.043592606787512,0.6457223484411716
203870723,1169470,0,0,29,0.0,4.388683047733199,0.0,0.0,0.0,0.0,0.0,0.0,0.0
190396937,1169470,0,0,26,0.0,4.440636352673265,0.0,0.0,0.0,0.0,0.0,0.0,0.0
9523722,1169470,8,1,6,1.0,2.584962500721156,1.0,100.5,42.375,3.0,0.6088688243068336,0.9614457047232039,0.7902410118609202
32735772,1169470,0,0,7,1.0,2.8073549220576046,1.0,0.0,0.0,0.0,0.0,0.0,0.0
84111912,1169470,0,0,3,0.0,1.584962500721156,0.0,0.0,0.0,0.0,0.0,0.0,0.0
184103470,1169470,25,2,34,2.128085278891395,4.888789679422001,2.8073549220576046,72.92,20.12,6.84,0.8632331242642501,1.7219812990022205,1.1116424445886781
184207920,1169470,0,0,1,0.0,0.0,0.0,0.0,0.0,0.0,0.0,0.0,0.0
213570097,1169470,0,0,22,0.0,2.6388067184095574,0.0,0.0,0.0,0.0,0.0,0.0,0.0
8165943,1169470,0,0,2,0.0,1.0,0.0,0.0,0.0,0.0,0.0,0.0,0.0
195815994,1169470,0,0,1,0.0,0.0,0.0,0.0,0.0,0.0,0.0,0.0,0.0
190796347,1169470,0,0,2,0.0,1.0,0.0,0.0,0.0,0.0,0.0,0.0,0.0
3824194,1169470,110,47,6,2.0,2.584962500721156,2.0,35.78181818181818,8.536363636363637,5.845454545454546,0.6722272325802839,1.3750753957336037,0.9440300455621196
14479949,1169470,16,3,1,0.0,0.0,0.0,76.4375,28.9375,3.875,0.6274529017818224,1.2369413196698096,0.7441806622255324
188637775,1169470,0,0,17,0.0,3.690116517593666,0.0,0.0,0.0,0.0,0.0,0.0,0.0
183605842,1169470,0,0,1,0.0,0.0,0.0,0.0,0.0,0.0,0.0,0.0,0.0
8010323,1169470,17,1,2,0.0,1.0,0.0,74.41176470588235,28.058823529411764,3.235294117647059,0.546522093876293,0.9805372364605643,0.6759913586076278
211952211,1169470,0,0,4,0.0,1.5,0.0,0.0,0.0,0.0,0.0,0.0,0.0
183243353,1169470,0,0,14,0.0,3.8073549220576055,0.0,0.0,0.0,0.0,0.0,0.0,0.0
153141852,1169470,0,0,3,0.0,1.584962500721156,0.0,0.0,0.0,0.0,0.0,0.0,0.0
61071972,1169470,0,0,1,0.0,0.0,0.0,0.0,0.0,0.0,0.0,0.0,0.0
207442542,1169470,0,0,14,0.0,2.835237745312118,0.0,0.0,0.0,0.0,0.0,0.0,0.0
202263156,1169470,0,0,6,0.0,2.584962500721156,0.0,0.0,0.0,0.0,0.0,0.0,0.0
7846520,1169470,0,0,19,0.0,3.4316235658474326,0.0,0.0,0.0,0.0,0.0,0.0,0.0
17973881,1169470,0,0,3,0.0,1.584962500721156,0.0,0.0,0.0,0.0,0.0,0.0,0.0
192313987,1169470,0,0,6,0.0,2.584962500721156,0.0,0.0,0.0,0.0,0.0,0.0,0.0
54807172,1169470,17,1,8,1.4488156357251847,3.0,2.8073549220576046,80.52941176470588,25.58823529411765,3.588235294117647,0.3629367647907243,0.867122018552218,0.48058382361425367
195185289,1169470,24,3,12,1.3709505944546687,3.418295834054489,2.321928094887362,65.16666666666667,19.0,9.291666666666666,0.973773227952541,2.390819141483905,1.4497733542568216
13306506,1169470,0,0,1,0.0,0.0,0.0,0.0,0.0,0.0,0.0,0.0,0.0
184341131,1169470,25,2,1,0.0,0.0,0.0,72.92,20.12,8.16,0.948356535419906,1.9175328861791008,1.2239366414709822
13599371,1169470,9,1,8,1.0,2.75,1.0,97.77777777777777,39.888888888888886,2.111111111111111,0.2634389549394076,0.6563211772898353,0.3691031216541514
12702355,1169470,11,1,8,0.0,2.75,1.0,85.9090909090909,33.36363636363637,3.4545454545454546,0.7005375541068932,1.1420220385655522,0.8097173268735016
14410397,1169470,12,1,3,0.0,1.584962500721156,0.0,89.16666666666667,34.166666666666664,4.25,0.7532705357090966,1.2403475432590363,0.9089075496340432
8907422,1169470,20,1,1,0.0,0.0,0.0,81.45,24.6,5.55,0.968873363200298,1.7983267422482871,1.0830889048885992
22543011,1169470,0,0,2,0.0,1.0,0.0,0.0,0.0,0.0,0.0,0.0,0.0
190741157,1169470,0,0,31,1.0,4.6717805845106355,1.0,0.0,0.0,0.0,0.0,0.0,0.0
2278072,1169470,0,0,4,0.0,2.0,1.584962500721156,0.0,0.0,0.0,0.0,0.0,0.0
2554553,1169470,30,7,50,2.4083133762085325,5.483856189774728,4.735926350629031,64.76666666666667,22.266666666666666,3.7666666666666666,0.543602227184398,1.1308260169349016,0.7799581230646064
95445692,1169470,0,0,3,0.0,0.9182958340544896,0.0,0.0,0.0,0.0,0.0,0.0,0.0
211016380,1169470,0,0,9,0.0,2.94770277922009,0.0,0.0,0.0,0.0,0.0,0.0,0.0
35748542,1169470,18,2,5,0.8112781244591328,2.321928094887362,2.0,75.22222222222223,25.666666666666668,5.722222222222222,0.6519542814355015,1.2830907937525953,0.9424858356180505
87050942,1169470,32,5,1,0.0,0.0,0.0,66.0625,19.65625,4.5625,0.9140130580768946,1.5090072659947003,1.1298009748156768
11016897,1169470,13,1,1,0.0,0.0,0.0,104.3076923076923,37.15384615384615,3.3076923076923075,0.4837881868083968,1.018604084333052,0.6082223535083475
9894594,1169470,0,0,17,0.0,4.08746284125034,0.0,0.0,0.0,0.0,0.0,0.0,0.0
208593601,1169470,0,0,10,0.0,3.121928094887362,0.0,0.0,0.0,0.0,0.0,0.0,0.0
9882314,1169470,21,2,1,0.0,0.0,0.0,75.76190476190476,23.714285714285715,3.5714285714285716,0.693317736666454,1.2067614175054822,0.8329453855395083
201792207,1169470,0,0,12,0.0,3.2516291673878226,0.0,0.0,0.0,0.0,0.0,0.0,0.0
198800084,1169470,0,0,8,0.0,3.0,0.0,0.0,0.0,0.0,0.0,0.0,0.0
87423702,1169470,9,1,27,0.0,4.606739354015323,1.0,75.66666666666667,23.555555555555557,5.888888888888889,0.9741323577372175,1.9283061534138173,1.2118767328453908
195783382,1169470,0,0,34,0.0,4.910992253015045,0.0,0.0,0.0,0.0,0.0,0.0,0.0
20298471,1169470,24,2,10,1.0,2.8464393446710154,1.0,71.41666666666667,20.958333333333332,6.541666666666667,0.8983206659549902,1.954174516235093,1.1243210913608062
11506409,1169470,0,0,1,0.0,0.0,0.0,0.0,0.0,0.0,0.0,0.0,0.0
209980139,1169470,0,0,4,0.0,2.0,0.0,0.0,0.0,0.0,0.0,0.0,0.0
195525360,1169470,0,0,5,0.0,2.321928094887362,0.0,0.0,0.0,0.0,0.0,0.0,0.0
200686326,1169470,0,0,72,0.0,4.910055240950256,0.0,0.0,0.0,0.0,0.0,0.0,0.0
7889673,1169470,0,0,2,0.0,1.0,0.0,0.0,0.0,0.0,0.0,0.0,0.0
60089102,1169470,16,1,3,1.0,1.584962500721156,1.0,91.375,31.3125,8.125,0.832914236718996,1.7074255679850074,1.1772593127653432
6863634,1169470,3,1,7,1.584962500721156,2.128085278891395,1.584962500721156,73.66666666666667,30.0,4.333333333333333,0.861654166907052,1.1739760316291208,0.861654166907052
15387411,1169470,15,1,2,0.0,1.0,0.0,82.8,28.533333333333335,3.066666666666667,0.5161267459272891,1.1607852065181323,0.7095904126516482
17275671,1169470,12,2,1,0.0,0.0,0.0,93.66666666666667,35.416666666666664,3.1666666666666665,0.5241038690424299,0.9230679664209025,0.6589075496340432
67308312,1169470,0,0,1,0.0,0.0,0.0,0.0,0.0,0.0,0.0,0.0,0.0
206543644,1169470,0,0,32,0.0,4.323391110799899,0.0,0.0,0.0,0.0,0.0,0.0,0.0
4176670,1169470,154,64,1,0.0,0.0,0.0,31.058441558441558,6.467532467532467,7.038961038961039,0.7380315893213626,1.6178627265392664,1.06395247554675
196223777,1169470,0,0,1,0.0,0.0,0.0,0.0,0.0,0.0,0.0,0.0,0.0
6402850,1169470,7,1,1,0.0,0.0,0.0,63.857142857142854,27.285714285714285,5.142857142857143,0.9106012756043308,1.6100193428314902,1.213121870904239
137040682,1169470,21,2,19,2.263809173883546,3.8924071185928786,3.6644977792004623,72.61904761904762,21.571428571428573,8.19047619047619,0.9841152746177608,2.221191166206257,1.4024757532309817
8149807,1169470,0,0,1,0.0,0.0,0.0,0.0,0.0,0.0,0.0,0.0,0.0
188367667,1169470,0,0,25,0.0,4.373660689688185,0.0,0.0,0.0,0.0,0.0,0.0,0.0
13462326,1169470,17,1,3,0.0,1.584962500721156,1.0,74.41176470588235,28.058823529411764,3.176470588235294,0.546522093876293,0.9461276775946139,0.6171678291958632
197905209,1169470,0,0,15,0.0,3.640223928941851,0.0,0.0,0.0,0.0,0.0,0.0,0.0
10482491,1169470,10,1,1,0.0,0.0,0.0,104.4,38.9,3.1,0.491829583405449,0.8491853096329673,0.5584962500721156
191046459,1169470,9,1,21,2.368522527728207,4.297079327540665,3.459431618637298,43.22222222222222,7.444444444444445,17.11111111111111,1.027961408923561,2.3103996372240982,1.2957531219746652
207934272,1169470,0,0,8,0.0,3.0,0.0,0.0,0.0,0.0,0.0,0.0,0.0
188105537,1169470,0,0,14,0.0,3.8073549220576055,1.584962500721156,0.0,0.0,0.0,0.0,0.0,0.0
9225030,1169470,10,2,6,0.0,2.584962500721156,2.0,62.1,25.9,3.7,0.4421554168830135,1.0748494763477112,0.5754887502163468
204086099,1169470,0,0,28,0.0,4.521640636343317,0.0,0.0,0.0,0.0,0.0,0.0,0.0
51343352,1169470,0,0,19,1.584962500721156,3.8924071185928786,1.584962500721156,0.0,0.0,0.0,0.0,0.0,0.0
184951641,1169470,0,0,21,0.0,3.744239304948435,0.0,0.0,0.0,0.0,0.0,0.0,0.0
190417755,1169470,0,0,28,0.0,4.253434386188784,0.0,0.0,0.0,0.0,0.0,0.0,0.0
192666460,1169470,24,1,1,0.0,0.0,0.0,75.70833333333333,21.708333333333332,9.708333333333334,1.0322643914362304,1.9602441100832586,1.279081321263561
87317342,1169470,0,0,152,1.224394445405986,6.203142934576364,3.169925001442312,0.0,0.0,0.0,0.0,0.0,0.0
9331562,1169470,30,3,12,2.2516291673878226,3.418295834054489,2.584962500721156,75.23333333333333,22.8,5.766666666666667,0.9729004206671552,1.7385102672453354,1.2825186429663007
160883562,1169470,0,0,2,0.0,1.0,0.0,0.0,0.0,0.0,0.0,0.0,0.0
200131434,1169470,0,0,234,0.0,6.4769792349403215,0.0,0.0,0.0,0.0,0.0,0.0,0.0
188048245,1169470,42,5,6,1.0,2.2516291673878226,1.0,55.38095238095238,14.047619047619047,13.095238095238095,1.0969577180975296,2.1967367673026437,1.3955819884878995
10611581,1169470,0,0,1,0.0,0.0,0.0,0.0,0.0,0.0,0.0,0.0,0.0
197911423,1169470,0,0,8,0.0,3.0,0.0,0.0,0.0,0.0,0.0,0.0,0.0
202791808,1169470,0,0,9,0.0,3.169925001442312,0.0,0.0,0.0,0.0,0.0,0.0,0.0
9112449,1169470,81,24,2,0.0,1.0,0.0,42.629629629629626,11.209876543209877,5.62962962962963,0.6715297933554728,1.377175838147979,0.9677528122410931
188457858,1169470,0,0,8,0.0,1.5487949406953985,0.0,0.0,0.0,0.0,0.0,0.0,0.0
4025221,1169470,60,28,10,1.584962500721156,2.5219280948873624,1.584962500721156,41.55,12.466666666666667,5.85,0.6038914264064306,1.4157488062146895,0.9387827142839663
81369992,1169470,0,0,1,0.0,0.0,0.0,0.0,0.0,0.0,0.0,0.0,0.0
14459786,1169470,0,0,13,1.5,3.7004397181410926,2.0,0.0,0.0,0.0,0.0,0.0,0.0
208780170,1169470,0,0,9,0.0,2.94770277922009,0.0,0.0,0.0,0.0,0.0,0.0,0.0
195142557,1169470,0,0,7,0.0,2.8073549220576046,0.0,0.0,0.0,0.0,0.0,0.0,0.0
4432798,1169470,23,2,1,0.0,0.0,0.0,78.8695652173913,27.47826086956522,7.565217391304348,0.8538219961723073,1.733026027736364,1.1667890871411084
78269342,1169470,18,1,1,0.0,0.0,0.0,80.72222222222223,23.5,8.166666666666666,0.9593716364753221,1.827243374194926,1.1725868300247158
189711272,1169470,0,0,8,0.0,3.0,0.0,0.0,0.0,0.0,0.0,0.0,0.0
187894697,1169470,0,0,11,0.0,3.459431618637298,0.0,0.0,0.0,0.0,0.0,0.0,0.0
203002794,1169470,0,0,1,0.0,0.0,0.0,0.0,0.0,0.0,0.0,0.0,0.0
208636840,1169470,0,0,23,0.0,4.262692390839622,0.0,0.0,0.0,0.0,0.0,0.0,0.0
184333230,1169470,15,1,1,0.0,0.0,0.0,90.73333333333333,28.933333333333334,6.533333333333333,1.1846897302231993,1.856604848805254,1.4203756191697807
14646193,1169470,36,7,1,0.0,0.0,0.0,62.638888888888886,19.333333333333332,5.111111111111111,0.6763584787034493,1.3371863154666495,0.9047894674511558
11649982,1169470,15,1,19,3.277613436819116,4.142664355548851,3.459431618637298,79.4,27.066666666666666,4.066666666666666,0.6415053174561661,1.254097576218607,0.7937927063739012
210936766,1169470,0,0,6,0.0,2.584962500721156,0.0,0.0,0.0,0.0,0.0,0.0,0.0
55782342,1169470,0,0,4,0.0,2.0,0.0,0.0,0.0,0.0,0.0,0.0,0.0
201110471,1169470,0,0,18,0.0,4.169925001442313,0.0,0.0,0.0,0.0,0.0,0.0,0.0
207438793,1169470,0,0,23,0.0,3.9361804341297555,0.0,0.0,0.0,0.0,0.0,0.0,0.0
198233038,1169470,0,0,4,0.0,2.0,0.0,0.0,0.0,0.0,0.0,0.0,0.0
198573008,1169470,0,0,9,0.0,3.169925001442312,0.0,0.0,0.0,0.0,0.0,0.0,0.0
2847699,1169470,18,2,26,3.511085408180429,4.623516641218014,4.247927513443588,84.94444444444444,27.77777777777778,5.333333333333333,0.9722248347693585,1.6618978177407706,1.1982593718544723
8489939,1169470,0,0,7,0.8112781244591328,2.8073549220576046,2.0,0.0,0.0,0.0,0.0,0.0,0.0
52556762,1169470,23,3,7,1.584962500721156,2.5216406363433186,1.584962500721156,79.6086956521739,24.217391304347824,8.043478260869565,1.0657050213799695,1.7964693092946076,1.348090174160339
206351322,1169470,0,0,4,0.0,2.0,0.0,0.0,0.0,0.0,0.0,0.0,0.0
14236638,1169470,15,1,3,0.0,1.584962500721156,1.0,83.86666666666666,28.733333333333334,6.133333333333334,0.6640995126384669,1.3540447857883706,1.025318836026917
148460512,1169470,0,0,2,0.0,1.0,0.0,0.0,0.0,0.0,0.0,0.0,0.0
101491682,1169470,15,1,1,0.0,0.0,0.0,79.4,27.066666666666666,5.266666666666667,0.8600128799107739,1.5302751999218638,1.024421480949721
8152036,1169470,16,1,1,0.0,0.0,0.0,76.5,24.5,4.75,0.3149313619783321,0.9418779130810596,0.5356159755206844
176759782,1169470,0,0,3,0.0,1.584962500721156,0.0,0.0,0.0,0.0,0.0,0.0,0.0
39138292,1169470,0,0,3,0.0,1.584962500721156,0.0,0.0,0.0,0.0,0.0,0.0,0.0
173753332,1169470,0,0,3,0.0,1.584962500721156,0.0,0.0,0.0,0.0,0.0,0.0,0.0
7568378,1169470,11,1,2,0.0,1.0,0.0,85.9090909090909,33.36363636363637,4.0,0.7005375541068932,1.3011129476564613,0.9006264177825926
190880764,1169470,0,0,21,0.0,4.201841232302569,0.0,0.0,0.0,0.0,0.0,0.0,0.0
185523202,1169470,0,0,32,0.0,4.6875,0.0,0.0,0.0,0.0,0.0,0.0,0.0
182916104,1169470,0,0,19,0.9709505944546686,4.0374011976541135,2.321928094887362,0.0,0.0,0.0,0.0,0.0,0.0
198751240,1169470,0,0,11,0.0,3.459431618637298,0.0,0.0,0.0,0.0,0.0,0.0,0.0
202472458,1169470,0,0,3,0.0,1.584962500721156,0.0,0.0,0.0,0.0,0.0,0.0,0.0
187587601,1169470,0,0,3,0.0,1.584962500721156,0.0,0.0,0.0,0.0,0.0,0.0,0.0
189916178,1169470,0,0,10,0.0,3.121928094887362,1.0,0.0,0.0,0.0,0.0,0.0,0.0
203764758,1169470,0,0,8,0.0,2.75,0.0,0.0,0.0,0.0,0.0,0.0,0.0
183573528,1169470,20,1,4,0.0,2.0,0.0,81.25,23.65,7.2,0.8460231464094681,1.6521422803194998,1.1395530557358478
199492632,1169470,0,0,7,0.0,2.8073549220576046,0.0,0.0,0.0,0.0,0.0,0.0,0.0
13480987,1169470,17,1,1,0.0,0.0,0.0,74.41176470588235,28.058823529411764,3.2941176470588234,0.546522093876293,1.0393607658723292,0.6759913586076278
30090272,1169470,30,3,20,1.2516291673878228,4.084183719779189,2.584962500721156,66.73333333333333,21.366666666666667,4.933333333333334,0.6474662959087331,1.1420230354810672,0.8303201162310818
14048288,1169470,0,0,5,0.0,2.321928094887362,0.0,0.0,0.0,0.0,0.0,0.0,0.0
7984162,1169470,37,13,2,1.0,1.0,1.0,45.567567567567565,15.135135135135135,6.513513513513513,0.6981279830217711,1.5952778049348584,1.0930296910205262
3499043,1169470,127,45,2,0.0,1.0,0.0,34.67716535433071,7.590551181102362,7.4015748031496065,0.7661535563970572,1.5786315419856718,1.0722962065754984
193211432,1169470,0,0,6,0.0,2.584962500721156,0.0,0.0,0.0,0.0,0.0,0.0,0.0
7572521,1169470,0,0,1,0.0,0.0,0.0,0.0,0.0,0.0,0.0,0.0,0.0
190256169,1169470,0,0,12,0.0,3.4182958340544896,0.0,0.0,0.0,0.0,0.0,0.0,0.0
104639532,1169470,39,9,14,1.7924812503605778,3.8073549220576055,2.584962500721156,58.56410256410256,16.76923076923077,3.948717948717949,0.7248003777579277,1.2739316038891977,0.9632991972661665
183944239,1169470,0,0,5,1.0,2.321928094887362,1.0,0.0,0.0,0.0,0.0,0.0,0.0
187923507,1169470,0,0,2,0.0,1.0,0.0,0.0,0.0,0.0,0.0,0.0,0.0
183899189,1169470,0,0,7,0.0,2.8073549220576046,0.0,0.0,0.0,0.0,0.0,0.0,0.0
7967799,1169470,0,0,1,0.0,0.0,0.0,0.0,0.0,0.0,0.0,0.0,0.0
187724855,1169470,0,0,6,0.0,2.584962500721156,0.0,0.0,0.0,0.0,0.0,0.0,0.0
153959482,1169470,64,11,1,0.0,0.0,0.0,46.859375,11.40625,11.09375,1.0768658389556498,2.2388316353690976,1.44425894515303
192396347,1169470,0,0,14,0.0,3.6644977792004623,0.0,0.0,0.0,0.0,0.0,0.0,0.0
192353340,1169470,0,0,12,0.0,3.584962500721156,0.0,0.0,0.0,0.0,0.0,0.0,0.0
23405631,1169470,104,30,1,0.0,0.0,0.0,38.77884615384615,8.807692307692308,8.48076923076923,0.8585980801203199,1.752411145564587,1.2290293091894577
189836355,1169470,0,0,2,0.0,1.0,0.0,0.0,0.0,0.0,0.0,0.0,0.0
9901124,1169470,0,0,11,0.0,3.277613436819116,0.0,0.0,0.0,0.0,0.0,0.0,0.0
190161989,1169470,0,0,8,0.0,3.0,0.0,0.0,0.0,0.0,0.0,0.0,0.0
202146886,1169470,0,0,15,0.0,3.640223928941851,0.0,0.0,0.0,0.0,0.0,0.0,0.0
202662982,1169470,0,0,4,0.0,2.0,0.0,0.0,0.0,0.0,0.0,0.0,0.0
126280782,1169470,21,2,2,1.0,1.0,1.0,83.71428571428571,25.904761904761905,6.476190476190476,1.134021731956971,1.8855411487873444,1.3559790137613819
197110862,1169470,0,0,4,0.0,2.0,0.0,0.0,0.0,0.0,0.0,0.0,0.0
53294162,1169470,15,1,1,0.0,0.0,0.0,95.73333333333333,34.8,2.7333333333333334,0.4494600792606225,0.9669925001442312,0.5762570793183149
215383124,1169470,0,0,2,0.0,1.0,0.0,0.0,0.0,0.0,0.0,0.0,0.0
192549973,1169470,0,0,3,0.0,1.584962500721156,0.0,0.0,0.0,0.0,0.0,0.0,0.0
184390742,1169470,0,0,9,0.0,2.94770277922009,0.0,0.0,0.0,0.0,0.0,0.0,0.0
207166549,1169470,0,0,1,0.0,0.0,0.0,0.0,0.0,0.0,0.0,0.0,0.0
8113247,1169470,0,0,1,0.0,0.0,0.0,0.0,0.0,0.0,0.0,0.0,0.0
202404968,1169470,0,0,5,0.0,2.321928094887362,0.0,0.0,0.0,0.0,0.0,0.0,0.0
189996146,1169470,9,1,2,0.0,1.0,0.0,43.22222222222222,7.444444444444445,19.22222222222222,1.2911305786711393,2.6767417847286166,1.680134412934365
44450932,1169470,14,1,4,1.584962500721156,2.0,1.584962500721156,91.28571428571429,29.785714285714285,4.785714285714286,1.1606012756043305,1.7193279991502273,1.355979013761382
29418612,1169470,0,0,5,0.0,2.321928094887362,0.0,0.0,0.0,0.0,0.0,0.0,0.0
188947574,1169470,0,0,8,0.0,3.0,0.0,0.0,0.0,0.0,0.0,0.0,0.0
183514231,1169470,0,0,12,0.0,3.584962500721156,0.0,0.0,0.0,0.0,0.0,0.0,0.0
11115645,1169470,41,9,6,1.3709505944546687,2.584962500721156,2.321928094887362,55.0,16.48780487804878,7.048780487804878,0.5525487320823099,1.385017487571694,0.8901969456934328
13653118,1169470,0,0,1,0.0,0.0,0.0,0.0,0.0,0.0,0.0,0.0,0.0
193070220,1169470,0,0,6,0.0,2.584962500721156,1.0,0.0,0.0,0.0,0.0,0.0,0.0
105497742,1169470,0,0,15,0.0,3.4565647621309536,0.0,0.0,0.0,0.0,0.0,0.0,0.0
191141008,1169470,0,0,2,0.0,1.0,0.0,0.0,0.0,0.0,0.0,0.0,0.0
112735382,1169470,23,3,1,0.0,0.0,0.0,71.52173913043478,22.47826086956522,4.521739130434782,0.6989232400975074,1.454405883701285,1.0353817909224798
194213014,1169470,0,0,9,0.0,2.94770277922009,0.0,0.0,0.0,0.0,0.0,0.0,0.0
5301404,1169470,10,1,1,0.0,0.0,0.0,104.4,38.9,3.1,0.491829583405449,0.8491853096329673,0.5584962500721156
86930592,1169470,24,1,66,3.4235332098491895,5.04439411935846,4.584962500721156,75.70833333333333,21.708333333333332,7.0,0.8896171743591808,1.7500610217766563,1.088041217066846
188662948,1169470,0,0,11,0.0,3.2776134368191165,0.0,0.0,0.0,0.0,0.0,0.0,0.0
207541413,1169470,0,0,5,0.0,1.9219280948873623,0.0,0.0,0.0,0.0,0.0,0.0,0.0
144188582,1169470,0,0,13,1.6577427265048887,3.7004397181410926,3.169925001442312,0.0,0.0,0.0,0.0,0.0,0.0
10618027,1169470,18,1,7,0.8112781244591328,2.8073549220576046,2.0,86.83333333333333,28.5,4.666666666666667,0.8665160961731595,1.630291561243932,1.1007656217342798
183590061,1169470,19,1,3,0.9182958340544896,1.584962500721156,1.584962500721156,90.0,29.210526315789473,6.7368421052631575,1.0912819926112882,1.7986452190390434,1.3457194049147632
184954030,1169470,0,0,3,0.0,1.584962500721156,0.0,0.0,0.0,0.0,0.0,0.0,0.0
34548912,1169470,0,0,1,0.0,0.0,0.0,0.0,0.0,0.0,0.0,0.0,0.0
6419633,1169470,0,0,1,0.0,0.0,0.0,0.0,0.0,0.0,0.0,0.0,0.0
194405556,1169470,0,0,48,0.0,5.121115365169276,0.0,0.0,0.0,0.0,0.0,0.0,0.0
3572918,1169470,12,3,5,1.0,2.321928094887362,1.0,76.16666666666667,30.25,2.1666666666666665,0.19757921620455574,0.6112468750600963,0.27682734124061353
196021431,1169470,0,0,10,0.0,3.321928094887362,0.0,0.0,0.0,0.0,0.0,0.0,0.0
7011512,1169470,16,2,12,1.2987949406953985,3.584962500721156,3.0,82.625,31.75,3.625,0.6483880580768947,1.0700240205175944,0.7807408185206046
186062011,1169470,0,0,14,0.0,3.521640636343319,0.0,0.0,0.0,0.0,0.0,0.0,0.0
4289725,1169470,22,2,12,0.8112781244591328,2.617492461184755,2.0,75.5909090909091,24.59090909090909,5.090909090909091,0.6673389209380527,1.359785346423145,0.9681458190176037
24911052,1169470,36,5,1,0.0,0.0,0.0,58.666666666666664,18.36111111111111,6.111111111111111,0.5786985284628973,1.4180725389446138,0.9497209021685671
207922381,1169470,0,0,6,0.0,2.584962500721156,0.0,0.0,0.0,0.0,0.0,0.0,0.0
90121422,1169470,62,11,5,1.584962500721156,1.9219280948873623,1.584962500721156,48.33870967741935,11.758064516129032,9.82258064516129,1.0901551128963354,2.069518258624945,1.3969863569962278
183225553,1169470,0,0,1,0.0,0.0,0.0,0.0,0.0,0.0,0.0,0.0,0.0
10845394,1169470,0,0,3,0.0,1.584962500721156,0.0,0.0,0.0,0.0,0.0,0.0,0.0
194964692,1169470,0,0,11,0.0,3.2776134368191165,0.0,0.0,0.0,0.0,0.0,0.0,0.0
188214485,1169470,0,0,6,0.0,2.584962500721156,0.0,0.0,0.0,0.0,0.0,0.0,0.0
7488727,1169470,124,49,1,0.0,0.0,0.0,32.774193548387096,7.508064516129032,7.758064516129032,0.7775573265732326,1.775075666710314,1.1381174796225804
42689752,1169470,16,2,1,0.0,0.0,0.0,91.3125,31.1875,5.9375,0.7430609381422864,1.4583186086035993,0.9821403448541327
184294626,1169470,0,0,28,0.0,4.494680368408908,0.0,0.0,0.0,0.0,0.0,0.0,0.0
10069222,1169470,7,1,1,0.0,0.0,0.0,61.714285714285715,27.0,4.714285714285714,1.065130442167975,1.601927676096142,1.2724129422297883
5307626,1169470,30,3,1,0.0,0.0,0.0,65.63333333333334,22.066666666666666,5.066666666666666,0.6182289387433394,1.2743677575152073,0.888222373512726
51571952,1169470,0,0,17,0.0,4.08746284125034,0.0,0.0,0.0,0.0,0.0,0.0,0.0
9213170,1169470,0,0,4,0.0,2.0,0.0,0.0,0.0,0.0,0.0,0.0,0.0
198524147,1169470,0,0,6,0.0,1.7924812503605778,0.0,0.0,0.0,0.0,0.0,0.0,0.0
123153652,1169470,25,3,1,0.0,0.0,0.0,72.08,22.56,4.12,0.7997412142518863,1.4295026210067812,1.0159497476775277
14091510,1169470,0,0,8,0.0,2.75,0.0,0.0,0.0,0.0,0.0,0.0,0.0
163951862,1169470,0,0,1,0.0,0.0,0.0,0.0,0.0,0.0,0.0,0.0,0.0
186549506,1169470,0,0,3,0.0,1.584962500721156,0.0,0.0,0.0,0.0,0.0,0.0,0.0
198477077,1169470,0,0,3,0.0,1.584962500721156,0.0,0.0,0.0,0.0,0.0,0.0,0.0
9921814,1169470,16,1,44,2.559540168931589,5.413977073182751,4.700439718141092,91.375,31.3125,5.5625,0.7354429761607716,1.468112157206158,0.9459818303815248
13937945,1169470,0,0,2,0.0,1.0,0.0,0.0,0.0,0.0,0.0,0.0,0.0
7787811,1169470,3,1,1,0.0,0.0,0.0,71.33333333333333,28.0,20.333333333333332,1.3310919589765629,2.6685947615540297,2.1069629504500624
195474724,1169470,0,0,18,0.0,3.9477027792200903,1.584962500721156,0.0,0.0,0.0,0.0,0.0,0.0
184059181,1169470,0,0,12,0.0,3.584962500721156,0.0,0.0,0.0,0.0,0.0,0.0,0.0
7492911,1169470,0,0,1,0.0,0.0,0.0,0.0,0.0,0.0,0.0,0.0,0.0
148712752,1169470,77,16,3,1.584962500721156,1.584962500721156,1.584962500721156,42.064935064935064,9.792207792207792,11.311688311688311,1.030650526172392,2.2235670379922436,1.4227385028937785
208252209,1169470,0,0,17,0.0,3.734521664779752,0.0,0.0,0.0,0.0,0.0,0.0,0.0
197647675,1169470,0,0,14,0.0,3.6644977792004623,0.0,0.0,0.0,0.0,0.0,0.0,0.0
204449087,1169470,0,0,68,0.0,5.074806902456258,0.0,0.0,0.0,0.0,0.0,0.0,0.0
9473344,1169470,24,1,51,2.4137995646056805,5.162621420402872,3.8073549220576055,75.70833333333333,21.708333333333332,7.625,0.9316894095776602,1.7451348842331387,1.1204415328444943
195171649,1169470,0,0,25,0.0,4.4838561897747224,0.0,0.0,0.0,0.0,0.0,0.0,0.0
9426247,1169470,0,0,1,0.0,0.0,0.0,0.0,0.0,0.0,0.0,0.0,0.0
135228752,1169470,16,1,1,0.0,0.0,0.0,79.6875,25.4375,4.25,0.8474795293747209,1.4588743604759453,1.0307408185206046
74128722,1169470,0,0,10,0.0,3.121928094887362,1.0,0.0,0.0,0.0,0.0,0.0,0.0
132549972,1169470,0,0,1,0.0,0.0,0.0,0.0,0.0,0.0,0.0,0.0,0.0
215285084,1169470,0,0,29,0.0,3.236617201725715,0.0,0.0,0.0,0.0,0.0,0.0,0.0
51076452,1169470,0,0,7,1.0,2.8073549220576046,1.0,0.0,0.0,0.0,0.0,0.0,0.0
185671012,1169470,0,0,21,0.0,4.297079327540665,0.0,0.0,0.0,0.0,0.0,0.0,0.0
62178662,1169470,0,0,4,0.0,1.5,0.0,0.0,0.0,0.0,0.0,0.0,0.0
188640618,1169470,0,0,5,0.0,2.321928094887362,0.0,0.0,0.0,0.0,0.0,0.0,0.0
11779435,1169470,35,5,1,0.0,0.0,0.0,61.457142857142856,18.0,4.628571428571429,0.6324717899057658,1.3416333278131183,0.9089651768919152
208645483,1169470,0,0,11,0.0,3.0271691184406193,0.0,0.0,0.0,0.0,0.0,0.0,0.0
14013807,1169470,0,0,2,0.0,1.0,0.0,0.0,0.0,0.0,0.0,0.0,0.0
14513519,1169470,0,0,1,0.0,0.0,0.0,0.0,0.0,0.0,0.0,0.0,0.0
188185973,1169470,0,0,6,0.0,2.584962500721156,0.0,0.0,0.0,0.0,0.0,0.0,0.0
207822207,1169470,0,0,5,0.0,2.321928094887362,0.0,0.0,0.0,0.0,0.0,0.0,0.0
194577794,1169470,0,0,2,0.0,1.0,0.0,0.0,0.0,0.0,0.0,0.0,0.0
54080902,1169470,0,0,7,0.0,2.5216406363433186,0.0,0.0,0.0,0.0,0.0,0.0,0.0
77305232,1169470,0,0,2,0.0,1.0,0.0,0.0,0.0,0.0,0.0,0.0,0.0
183684496,1169470,0,0,3,0.0,1.584962500721156,0.0,0.0,0.0,0.0,0.0,0.0,0.0
2477462,1169470,5,1,8,1.0,3.0,2.0,51.8,19.8,12.8,0.9986551753859377,1.801156856932418,1.4641777702700374
101047702,1169470,0,0,1,0.0,0.0,0.0,0.0,0.0,0.0,0.0,0.0,0.0
197549463,1169470,0,0,6,0.0,2.2516291673878226,0.0,0.0,0.0,0.0,0.0,0.0,0.0
200394135,1169470,0,0,1,0.0,0.0,0.0,0.0,0.0,0.0,0.0,0.0,0.0
151745952,1169470,0,0,9,0.0,2.94770277922009,0.0,0.0,0.0,0.0,0.0,0.0,0.0
9262499,1169470,0,0,12,0.0,2.292481250360578,0.0,0.0,0.0,0.0,0.0,0.0,0.0
22513061,1169470,10,1,1,0.0,0.0,0.0,101.0,39.6,2.2,0.33709505944546686,0.7169925001442312,0.4321928094887362
3546534,1169470,9,1,8,0.9182958340544896,3.0,1.584962500721156,68.33333333333333,28.77777777777778,3.5555555555555554,0.38925092608618284,0.9720549737196791,0.6855472223824791
4048293,1169470,8,1,20,2.128085278891395,4.321928094887363,2.8073549220576046,119.75,43.5,5.75,1.036155803563645,1.5720665296726586,1.2383613244510647
188702118,1169470,0,0,47,0.0,5.198101883546502,0.0,0.0,0.0,0.0,0.0,0.0,0.0
9545137,1169470,0,0,1,0.0,0.0,0.0,0.0,0.0,0.0,0.0,0.0,0.0
193054129,1169470,0,0,7,0.0,2.8073549220576046,0.0,0.0,0.0,0.0,0.0,0.0,0.0
198399413,1169470,0,0,30,0.0,4.5232314287976205,0.0,0.0,0.0,0.0,0.0,0.0,0.0
12391864,1169470,29,3,34,2.78845045730829,4.888789679422001,3.8073549220576055,76.27586206896552,22.96551724137931,5.620689655172414,0.7441642604212345,1.4722723832524915,0.9381413315170962
36750782,1169470,0,0,2,0.0,1.0,0.0,0.0,0.0,0.0,0.0,0.0,0.0
183399879,1169470,0,0,18,0.0,3.9477027792200903,0.0,0.0,0.0,0.0,0.0,0.0,0.0
171140552,1169470,0,0,1,0.0,0.0,0.0,0.0,0.0,0.0,0.0,0.0,0.0
154351052,1169470,0,0,3,0.0,1.584962500721156,0.0,0.0,0.0,0.0,0.0,0.0,0.0
208180686,1169470,0,0,7,0.0,2.5216406363433186,0.0,0.0,0.0,0.0,0.0,0.0,0.0
12438991,1169470,0,0,1,0.0,0.0,0.0,0.0,0.0,0.0,0.0,0.0,0.0
6155733,1169470,29,2,2,1.0,1.0,1.0,69.86206896551724,19.517241379310345,7.413793103448276,0.8693003226447766,1.9257103193151275,1.1275155762181197
73211352,1169470,20,1,2,1.0,1.0,1.0,81.25,23.65,7.3,0.7960231464094681,1.7021422803194999,1.0895530557358477
200953309,1169470,0,0,11,0.0,3.2776134368191165,0.0,0.0,0.0,0.0,0.0,0.0,0.0
192347614,1169470,24,1,5,0.0,2.321928094887362,0.0,75.70833333333333,21.708333333333332,9.541666666666666,1.0322643914362304,1.8634971061296186,1.279081321263561
14138849,1169470,0,0,1,0.0,0.0,0.0,0.0,0.0,0.0,0.0,0.0,0.0
199007713,1169470,0,0,9,0.0,2.94770277922009,0.0,0.0,0.0,0.0,0.0,0.0,0.0
193238499,1169470,0,0,6,0.0,2.584962500721156,0.0,0.0,0.0,0.0,0.0,0.0,0.0
120890852,1169470,18,3,2,1.0,1.0,1.0,83.61111111111111,26.88888888888889,3.6666666666666665,0.6097061094041322,1.208723737049665,0.7726050330893621
196077029,1169470,0,0,2,0.0,1.0,0.0,0.0,0.0,0.0,0.0,0.0,0.0
181106152,1169470,0,0,18,1.9219280948873623,3.9477027792200903,2.321928094887362,0.0,0.0,0.0,0.0,0.0,0.0
9205225,1169470,10,2,1,0.0,0.0,0.0,62.1,25.9,4.2,0.4421554168830135,1.3333457264198267,0.7754887502163468
11296236,1169470,11,1,1,0.0,0.0,0.0,84.0,34.18181818181818,5.2727272727272725,0.6606537472395416,1.2784288768239653,0.9006264177825926
86119922,1169470,28,3,2,0.0,1.0,0.0,68.92857142857143,20.357142857142858,6.892857142857143,1.123880399416725,1.934994963905,1.407198525269473
156898802,1169470,14,1,1,0.0,0.0,0.0,100.78571428571429,34.642857142857146,7.071428571428571,1.321991007089517,2.006722044951514,1.617619371812984
37383682,1169470,0,0,2,0.0,1.0,0.0,0.0,0.0,0.0,0.0,0.0,0.0
13596167,1169470,9,1,7,0.8112781244591328,2.8073549220576046,2.0,75.66666666666667,23.555555555555557,8.11111111111111,0.883990343908425,2.128237756964675,1.1007656217342798
14446087,1169470,0,0,14,0.0,3.8073549220576055,0.0,0.0,0.0,0.0,0.0,0.0,0.0
81907212,1169470,0,0,1,0.0,0.0,0.0,0.0,0.0,0.0,0.0,0.0,0.0
119594512,1169470,81,21,8,1.3709505944546687,3.0,2.321928094887362,41.97530864197531,9.641975308641975,10.0,0.9471245026166089,1.930478483328124,1.2867769954065873
163577362,1169470,0,0,1,0.0,0.0,0.0,0.0,0.0,0.0,0.0,0.0,0.0
114828822,1169470,15,1,1,0.0,0.0,0.0,90.66666666666667,30.6,4.533333333333333,0.8230440375819366,1.6227993178410085,1.0819212460330587
117061142,1169470,24,1,3,1.0,1.584962500721156,1.0,75.70833333333333,21.708333333333332,9.625,0.9905977247695636,1.894204005886544,1.2374146545968943
188372504,1169470,0,0,6,0.9182958340544896,2.2516291673878226,1.584962500721156,0.0,0.0,0.0,0.0,0.0,0.0
113995292,1169470,14,1,1,0.0,0.0,0.0,88.57142857142857,29.428571428571427,4.785714285714286,0.7780718430949192,1.475994133035892,1.0351323640235481
8211999,1169470,0,0,25,1.3567796494470397,4.643856189774723,3.321928094887362,0.0,0.0,0.0,0.0,0.0,0.0
67317282,1169470,0,0,19,1.5,3.721611723969903,2.0,0.0,0.0,0.0,0.0,0.0,0.0
12387876,1169470,8,1,2,1.0,1.0,1.0,94.625,40.25,3.375,0.6194891368969782,0.9614816370412094,0.7383613244510647
57837092,1169470,0,0,1,0.0,0.0,0.0,0.0,0.0,0.0,0.0,0.0,0.0
175814182,1169470,0,0,2,0.0,1.0,0.0,0.0,0.0,0.0,0.0,0.0,0.0
16315941,1169470,0,0,66,2.345851989338261,5.419859559527041,3.7004397181410926,0.0,0.0,0.0,0.0,0.0,0.0
15779371,1169470,8,1,2,0.0,1.0,0.0,88.875,35.0,2.25,0.2963688243068336,0.7383613244510647,0.4152410118609203
190645807,1169470,0,0,4,0.0,2.0,0.0,0.0,0.0,0.0,0.0,0.0,0.0
62785072,1169470,0,0,2,0.0,1.0,0.0,0.0,0.0,0.0,0.0,0.0,0.0
189376049,1169470,0,0,8,0.0,2.75,0.0,0.0,0.0,0.0,0.0,0.0,0.0
185968179,1169470,0,0,6,1.0,2.584962500721156,2.0,0.0,0.0,0.0,0.0,0.0,0.0
9584180,1169470,0,0,4,1.0,2.0,1.0,0.0,0.0,0.0,0.0,0.0,0.0
194612788,1169470,0,0,8,0.0,2.75,0.0,0.0,0.0,0.0,0.0,0.0,0.0
9401917,1169470,0,0,5,0.0,1.9219280948873623,0.0,0.0,0.0,0.0,0.0,0.0,0.0
200396350,1169470,0,0,7,0.0,2.5216406363433186,0.0,0.0,0.0,0.0,0.0,0.0,0.0
189484611,1169470,0,0,4,0.0,2.0,0.0,0.0,0.0,0.0,0.0,0.0,0.0
5385803,1169470,143,61,6,1.3709505944546687,2.584962500721156,2.321928094887362,31.965034965034967,6.881118881118881,7.146853146853147,0.7657876545388308,1.63635689371882,1.0821127153409411
208694861,1169470,0,0,7,0.0,2.8073549220576046,0.0,0.0,0.0,0.0,0.0,0.0,0.0
13923926,1169470,19,1,14,1.75,3.8073549220576055,3.0,90.0,29.210526315789473,6.157894736842105,1.047508089140472,1.6816771968634405,1.2712437470579818
10925665,1169470,18,1,1,0.0,0.0,0.0,89.5,28.72222222222222,9.444444444444445,1.232104564355887,2.107419119695043,1.555893000315989
31360612,1169470,0,0,1,0.0,0.0,0.0,0.0,0.0,0.0,0.0,0.0,0.0
189484645,1169470,0,0,9,1.0,2.94770277922009,1.0,0.0,0.0,0.0,0.0,0.0,0.0
2512494,1169470,14,5,9,0.9182958340544896,2.6416041678685933,1.584962500721156,57.57142857142857,23.857142857142858,3.5,0.4553006378021654,1.1284611595281535,0.7494180783092624
214904432,1169470,0,0,1,0.0,0.0,0.0,0.0,0.0,0.0,0.0,0.0,0.0
7089778,1169470,6,1,9,1.9056390622295662,3.169925001442312,3.0,63.0,25.666666666666668,3.6666666666666665,0.6593188491959708,1.184481765934753,0.984481765934753
190551668,1169470,0,0,23,1.3787834934861758,4.088779347361362,2.8073549220576046,0.0,0.0,0.0,0.0,0.0,0.0
82327162,1169470,0,0,4,0.0,2.0,0.0,0.0,0.0,0.0,0.0,0.0,0.0
207740542,1169470,0,0,4,0.0,2.0,0.0,0.0,0.0,0.0,0.0,0.0,0.0
196525695,1169470,0,0,6,0.0,2.584962500721156,0.0,0.0,0.0,0.0,0.0,0.0,0.0
196818562,1169470,0,0,30,0.0,4.548394345536403,0.0,0.0,0.0,0.0,0.0,0.0,0.0
20559491,1169470,13,2,1,0.0,0.0,0.0,80.23076923076923,30.923076923076923,2.3076923076923075,0.33622696880420533,0.8070656227945903,0.4093790842221047
325252,1169470,0,0,1,0.0,0.0,0.0,0.0,0.0,0.0,0.0,0.0,0.0
157396622,1169470,16,1,1,0.0,0.0,0.0,86.875,28.4375,7.375,1.313195777126805,2.0961048350344926,1.6135372629265055
192650895,1169470,0,0,4,0.0,2.0,0.0,0.0,0.0,0.0,0.0,0.0,0.0
203607696,1169470,0,0,4,0.0,2.0,0.0,0.0,0.0,0.0,0.0,0.0,0.0
208832146,1169470,0,0,1,0.0,0.0,0.0,0.0,0.0,0.0,0.0,0.0,0.0
159725212,1169470,0,0,3,0.0,0.9182958340544896,0.0,0.0,0.0,0.0,0.0,0.0,0.0
111447712,1169470,0,0,1,0.0,0.0,0.0,0.0,0.0,0.0,0.0,0.0,0.0
191231659,1169470,0,0,87,0.0,4.5123503306715,0.0,0.0,0.0,0.0,0.0,0.0,0.0
37277362,1169470,0,0,1,0.0,0.0,0.0,0.0,0.0,0.0,0.0,0.0,0.0
12799670,1169470,15,1,1,0.0,0.0,0.0,92.26666666666667,32.86666666666667,7.733333333333333,0.8632792648070342,1.55965703377365,1.2151852964639138
3657398,1169470,0,0,3,0.0,0.9182958340544896,0.0,0.0,0.0,0.0,0.0,0.0,0.0
215015103,1169470,0,0,30,0.0,4.386569246460625,0.0,0.0,0.0,0.0,0.0,0.0,0.0
8941256,1169470,43,24,1,0.0,0.0,0.0,40.395348837209305,12.953488372093023,5.72093023255814,0.6061430125447328,1.4929949021305362,0.8833178360260969
197932747,1169470,0,0,4,0.0,2.0,0.0,0.0,0.0,0.0,0.0,0.0,0.0
7292622,1169470,163,72,1,0.0,0.0,0.0,29.993865030674847,6.104294478527607,7.226993865030675,0.7236035104393053,1.6515762507196579,1.0742123236051722
92724942,1169470,0,0,4,0.0,2.0,0.0,0.0,0.0,0.0,0.0,0.0,0.0
49442512,1169470,62,9,29,1.5219280948873621,4.556088322639177,2.321928094887362,50.91935483870968,13.03225806451613,9.225806451612904,1.0497060387666672,1.9608289619968855,1.3816092708027852
32687822,1169470,0,0,6,0.0,2.584962500721156,0.0,0.0,0.0,0.0,0.0,0.0,0.0
106321622,1169470,41,8,7,0.8112781244591328,2.8073549220576046,2.0,56.073170731707314,15.75609756097561,4.560975609756097,0.7066610808490434,1.3547655441208766,0.9508221022599839
52235992,1169470,46,9,1,0.0,0.0,0.0,53.891304347826086,15.391304347826088,5.521739130434782,0.7153162371797267,1.409019880409749,1.0062318770849508
13137627,1169470,0,0,8,0.0,3.0,1.0,0.0,0.0,0.0,0.0,0.0,0.0
192173791,1169470,0,0,11,0.0,3.459431618637298,0.0,0.0,0.0,0.0,0.0,0.0,0.0
185409255,1169470,0,0,3,0.0,1.584962500721156,0.0,0.0,0.0,0.0,0.0,0.0,0.0
88616682,1169470,35,5,2,0.0,1.0,0.0,61.17142857142857,17.942857142857143,6.2,0.8183693595359399,1.5391528361800935,1.0761580066466598
197705450,1169470,0,0,5,0.0,2.321928094887362,0.0,0.0,0.0,0.0,0.0,0.0,0.0
200038132,1169470,0,0,9,0.0,3.169925001442312,0.0,0.0,0.0,0.0,0.0,0.0,0.0
12154616,1169470,0,0,16,0.0,2.9056390622295662,0.0,0.0,0.0,0.0,0.0,0.0,0.0
265982,1169470,0,0,9,0.0,3.169925001442312,0.0,0.0,0.0,0.0,0.0,0.0,0.0
202551039,1169470,0,0,6,0.0,2.584962500721156,0.0,0.0,0.0,0.0,0.0,0.0,0.0
87246592,1169470,17,1,1,0.0,0.0,0.0,86.58823529411765,28.11764705882353,6.294117647058823,0.9506942751427897,1.8792562699703308,1.2298170938593245
7788294,1169470,16,1,44,1.667951197198645,5.150121607854642,4.247927513443588,76.5,24.5,2.0625,0.2106844121534168,0.6199953125901445,0.2701205059304601
83873542,1169470,0,0,2,0.0,1.0,0.0,0.0,0.0,0.0,0.0,0.0,0.0
191207178,1169470,0,0,15,1.5,2.739572261986723,2.0,0.0,0.0,0.0,0.0,0.0,0.0
163206922,1169470,0,0,5,0.0,1.9219280948873623,0.0,0.0,0.0,0.0,0.0,0.0,0.0
189396761,1169470,0,0,32,0.0,4.625,0.0,0.0,0.0,0.0,0.0,0.0,0.0
187000604,1169470,0,0,23,0.0,4.229871195093384,0.0,0.0,0.0,0.0,0.0,0.0,0.0
212997919,1169470,0,0,8,0.0,3.0,0.0,0.0,0.0,0.0,0.0,0.0,0.0
71653152,1169470,43,5,13,2.0,3.334679141051595,2.0,57.95348837209303,15.116279069767442,8.930232558139535,1.004280187189728,1.9934202184244056,1.2735510343040866
147347232,1169470,20,1,3,0.0,1.584962500721156,0.0,81.45,24.6,5.45,0.968873363200298,1.7190786172122294,1.0830889048885992
36308772,1169470,0,0,1,0.0,0.0,0.0,0.0,0.0,0.0,0.0,0.0,0.0
180508452,1169470,0,0,2,0.0,1.0,0.0,0.0,0.0,0.0,0.0,0.0,0.0
50319142,1169470,15,1,1,0.0,0.0,0.0,95.73333333333333,34.8,2.7333333333333334,0.4494600792606225,0.9669925001442312,0.5762570793183149
7517989,1169470,0,0,22,0.0,4.186704345910023,0.0,0.0,0.0,0.0,0.0,0.0,0.0
192630568,1169470,0,0,18,0.0,4.169925001442313,0.0,0.0,0.0,0.0,0.0,0.0,0.0
193412904,1169470,0,0,3,0.0,1.584962500721156,0.0,0.0,0.0,0.0,0.0,0.0,0.0
12896042,1169470,0,0,8,0.0,3.0,1.584962500721156,0.0,0.0,0.0,0.0,0.0,0.0
205229866,1169470,0,0,6,0.0,2.584962500721156,0.0,0.0,0.0,0.0,0.0,0.0,0.0
190025518,1169470,0,0,17,0.0,3.5724694587701364,0.0,0.0,0.0,0.0,0.0,0.0,0.0
195626799,1169470,0,0,15,0.0,3.906890595608518,1.584962500721156,0.0,0.0,0.0,0.0,0.0,0.0
12816186,1169470,97,25,15,2.9182958340544896,3.906890595608518,3.584962500721156,40.02061855670103,9.587628865979381,7.154639175257732,0.7940627090913674,1.662251001611343,1.1018538853062558
13209404,1169470,19,2,3,1.584962500721156,1.584962500721156,1.584962500721156,67.63157894736842,25.157894736842106,3.3684210526315788,0.4055743734303066,1.0439037115320229,0.5740468734530799
4474688,1169470,8,2,1,0.0,0.0,0.0,51.375,20.125,11.0,1.1587331917017405,2.3450839733531947,1.9553521182796936
183553856,1169470,0,0,11,0.0,3.459431618637298,0.0,0.0,0.0,0.0,0.0,0.0,0.0
151537472,1169470,0,0,7,0.0,2.8073549220576046,0.0,0.0,0.0,0.0,0.0,0.0,0.0
192921415,1169470,0,0,20,0.0,4.1219280948873624,0.0,0.0,0.0,0.0,0.0,0.0,0.0
10624840,1169470,0,0,8,1.0,3.0,1.0,0.0,0.0,0.0,0.0,0.0,0.0
119191372,1169470,0,0,11,0.0,3.459431618637298,0.0,0.0,0.0,0.0,0.0,0.0,0.0
183187276,1169470,0,0,4,1.0,2.0,1.0,0.0,0.0,0.0,0.0,0.0,0.0
24999762,1169470,0,0,1,0.0,0.0,0.0,0.0,0.0,0.0,0.0,0.0,0.0
183961434,1169470,0,0,3,0.0,1.584962500721156,0.0,0.0,0.0,0.0,0.0,0.0,0.0
3780446,1169470,0,0,6,2.0,2.584962500721156,2.0,0.0,0.0,0.0,0.0,0.0,0.0
188030817,1169470,0,0,6,0.0,2.584962500721156,0.0,0.0,0.0,0.0,0.0,0.0,0.0
13633378,1169470,0,0,25,2.625814583693911,3.8577968115985937,3.584962500721156,0.0,0.0,0.0,0.0,0.0,0.0
183074659,1169470,26,2,2,1.0,1.0,1.0,71.57692307692308,20.153846153846153,10.076923076923077,1.0518005712784486,1.9472299064677023,1.299439021214454
202215278,1169470,0,0,7,0.0,2.8073549220576046,0.0,0.0,0.0,0.0,0.0,0.0,0.0
195213167,1169470,0,0,40,0.0,4.391446071165521,0.0,0.0,0.0,0.0,0.0,0.0,0.0
195815282,1169470,0,0,8,0.0,3.0,0.0,0.0,0.0,0.0,0.0,0.0,0.0
195764088,1169470,0,0,3,0.0,1.584962500721156,0.0,0.0,0.0,0.0,0.0,0.0,0.0
215547769,1169470,0,0,7,0.0,1.1488348542809168,0.0,0.0,0.0,0.0,0.0,0.0,0.0
95307642,1169470,16,1,10,1.3709505944546687,3.321928094887362,2.321928094887362,81.3125,25.9375,7.75,0.9708808072961779,2.0519116563063657,1.4564192128646276
198256508,1169470,0,0,18,0.0,3.794653473544342,0.0,0.0,0.0,0.0,0.0,0.0,0.0
208488319,1169470,0,0,5,0.0,2.321928094887362,0.0,0.0,0.0,0.0,0.0,0.0,0.0
190525312,1169470,26,2,6,0.9182958340544896,2.584962500721156,1.584962500721156,69.6923076923077,20.192307692307693,10.192307692307692,1.0221572424313878,2.0019497783835383,1.193388473539146
13320067,1169470,22,4,14,2.75,3.8073549220576055,3.0,63.95454545454545,22.954545454545453,3.272727272727273,0.42996233772506687,1.0501650542773482,0.5944007089568559
76507012,1169470,0,0,2,0.0,1.0,0.0,0.0,0.0,0.0,0.0,0.0,0.0
109078412,1169470,11,1,3,0.0,1.584962500721156,1.0,61.18181818181818,18.818181818181817,3.909090909090909,0.4013670453889857,1.0211093004818148,0.7804511364291961
13825934,1169470,0,0,1,0.0,0.0,0.0,0.0,0.0,0.0,0.0,0.0,0.0
189263759,1169470,0,0,8,0.0,2.75,0.0,0.0,0.0,0.0,0.0,0.0,0.0
189087641,1169470,0,0,5,0.0,2.321928094887362,0.0,0.0,0.0,0.0,0.0,0.0,0.0
189595545,1169470,0,0,12,0.0,3.418295834054489,0.0,0.0,0.0,0.0,0.0,0.0,0.0
10616731,1169470,41,11,1,0.0,0.0,0.0,53.63414634146341,17.121951219512194,6.463414634146342,0.628754703578819,1.501229454536356,0.9605511599027027
12933019,1169470,0,0,1,0.0,0.0,0.0,0.0,0.0,0.0,0.0,0.0,0.0
184801181,1169470,0,0,12,0.0,3.584962500721156,0.0,0.0,0.0,0.0,0.0,0.0,0.0
120471452,1169470,29,3,29,3.5724694587701364,4.582118926162055,4.08746284125034,67.72413793103448,19.06896551724138,6.758620689655173,0.8917592695469665,1.9815013477961723,1.2482396812842433
13563809,1169470,0,0,1,0.0,0.0,0.0,0.0,0.0,0.0,0.0,0.0,0.0
11597733,1169470,25,2,17,1.0,3.8077635764171953,1.0,76.16,24.48,4.8,0.9384971905890844,1.5914921000200153,1.0498696239397256
32745382,1169470,0,0,4,0.0,2.0,0.0,0.0,0.0,0.0,0.0,0.0,0.0
6645670,1169470,0,0,11,1.0,3.459431618637298,1.0,0.0,0.0,0.0,0.0,0.0,0.0
14393254,1169470,0,0,1,0.0,0.0,0.0,0.0,0.0,0.0,0.0,0.0,0.0
8085424,1169470,0,0,3,0.0,1.584962500721156,0.0,0.0,0.0,0.0,0.0,0.0,0.0
190191547,1169470,0,0,15,0.0,3.456564762130953,0.0,0.0,0.0,0.0,0.0,0.0,0.0
4659132,1169470,7,1,3,0.0,1.584962500721156,0.0,42.57142857142857,17.571428571428573,4.285714285714286,0.5004654763965208,1.2497849662110159,0.8814178573489018
195696581,1169470,18,1,4,0.0,2.0,0.0,82.22222222222223,25.055555555555557,8.61111111111111,1.1977377414667696,2.1747420373670487,1.5441422501202067
12505035,1169470,83,30,1,0.0,0.0,0.0,41.44578313253012,10.80722891566265,5.879518072289157,0.6712774506836339,1.404752666833167,0.9847698927102274
10325964,1169470,0,0,1,0.0,0.0,0.0,0.0,0.0,0.0,0.0,0.0,0.0
207189967,1169470,0,0,55,0.0,4.9818293780512555,0.0,0.0,0.0,0.0,0.0,0.0,0.0
44556242,1169470,16,1,1,0.0,0.0,0.0,91.875,31.0,3.1875,0.47876231393523916,0.9891759748156769,0.6393011681559926
17442771,1169470,33,8,2,0.0,1.0,0.0,62.84848484848485,19.575757575757574,6.787878787878788,0.685660641587405,1.396339392411769,1.001085495426723
212559831,1169470,0,0,12,0.0,2.9182958340544896,0.0,0.0,0.0,0.0,0.0,0.0,0.0
195944410,1169470,0,0,13,1.3709505944546687,3.7004397181410926,2.321928094887362,0.0,0.0,0.0,0.0,0.0,0.0
187035616,1169470,0,0,16,0.0,3.875,0.0,0.0,0.0,0.0,0.0,0.0,0.0
210771938,1169470,0,0,17,0.0,3.4045428133422924,0.0,0.0,0.0,0.0,0.0,0.0,0.0
30019562,1169470,15,1,3,1.0,1.584962500721156,1.0,82.8,28.533333333333335,3.0,0.4494600792606225,1.1217877064700554,0.6429237459849816
13856748,1169470,130,42,8,2.0,2.75,2.0,34.315384615384616,7.1692307692307695,8.084615384615384,0.792130946862163,1.7351512580084563,1.1564747788113814
19806191,1169470,0,0,6,0.0,2.584962500721156,0.0,0.0,0.0,0.0,0.0,0.0,0.0
11560952,1169470,0,0,1,0.0,0.0,0.0,0.0,0.0,0.0,0.0,0.0,0.0
198418429,1169470,0,0,1,0.0,0.0,0.0,0.0,0.0,0.0,0.0,0.0,0.0
