member,group_id,m1,m2,m3,m4,m5,m6,m7,m8,m9,m10,m11,m12
185810946,4080392,0,0,36,0.8112781244591328,4.871178126382214,2.0,0.0,0.0,0.0,0.0,0.0,0.0
203317253,4080392,0,0,18,0.0,3.9477027792200903,0.0,0.0,0.0,0.0,0.0,0.0,0.0
145702922,4080392,0,0,7,0.0,2.5216406363433186,0.0,0.0,0.0,0.0,0.0,0.0,0.0
186253328,4080392,0,0,14,0.0,3.8073549220576055,0.0,0.0,0.0,0.0,0.0,0.0,0.0
195321880,4080392,0,0,5,0.0,2.321928094887362,0.0,0.0,0.0,0.0,0.0,0.0,0.0
14581785,4080392,0,0,5,0.0,2.321928094887362,0.0,0.0,0.0,0.0,0.0,0.0,0.0
203841572,4080392,0,0,88,0.0,5.484917973293695,0.0,0.0,0.0,0.0,0.0,0.0,0.0
81051692,4080392,0,0,14,0.0,3.8073549220576055,1.0,0.0,0.0,0.0,0.0,0.0,0.0
190103601,4080392,0,0,40,0.0,5.0719280948873635,0.0,0.0,0.0,0.0,0.0,0.0,0.0
182198322,4080392,0,0,82,2.126489000570473,6.052435541097918,5.11219997521703,0.0,0.0,0.0,0.0,0.0,0.0
208068658,4080392,0,0,69,0.0,4.916614952380786,0.0,0.0,0.0,0.0,0.0,0.0,0.0
191537206,4080392,0,0,4,0.0,2.0,0.0,0.0,0.0,0.0,0.0,0.0,0.0
152191032,4080392,0,0,31,0.5916727785823275,4.825164052322361,2.8073549220576046,0.0,0.0,0.0,0.0,0.0,0.0
187531320,4080392,0,0,67,0.0,5.827283220308514,0.0,0.0,0.0,0.0,0.0,0.0,0.0
187203642,4080392,0,0,18,0.0,4.169925001442313,0.0,0.0,0.0,0.0,0.0,0.0,0.0
7626808,4080392,0,0,77,2.6589934152538057,5.6850464430394325,4.459431618637295,0.0,0.0,0.0,0.0,0.0,0.0
191914044,4080392,0,0,25,0.0,4.643856189774723,0.0,0.0,0.0,0.0,0.0,0.0,0.0
17236031,4080392,0,0,15,1.6577427265048887,3.906890595608518,3.169925001442312,0.0,0.0,0.0,0.0,0.0,0.0
61055052,4080392,58,3,19,0.0,3.7216117239699025,0.0,42.706896551724135,2.5172413793103448,19.344827586206897,1.329220020179358,3.2858346176973314,2.169157892707414
58015822,4080392,0,0,1,0.0,0.0,0.0,0.0,0.0,0.0,0.0,0.0,0.0
100155482,4080392,0,0,24,1.0,4.584962500721156,1.0,0.0,0.0,0.0,0.0,0.0,0.0
213778523,4080392,0,0,55,0.0,4.54499607716102,0.0,0.0,0.0,0.0,0.0,0.0,0.0
91119712,4080392,0,0,33,1.8423709931771088,4.718488437474714,2.5216406363433186,0.0,0.0,0.0,0.0,0.0,0.0
163160162,4080392,0,0,41,1.3516441151533922,5.211210541203447,3.169925001442312,0.0,0.0,0.0,0.0,0.0,0.0
7970927,4080392,0,0,12,2.321928094887362,3.584962500721156,2.321928094887362,0.0,0.0,0.0,0.0,0.0,0.0
191365234,4080392,0,0,45,0.0,5.297300040726041,0.0,0.0,0.0,0.0,0.0,0.0,0.0
202227827,4080392,0,0,24,0.0,4.501629167387823,0.0,0.0,0.0,0.0,0.0,0.0,0.0
79609972,4080392,27,1,28,1.1400677626718574,4.351823225551765,3.690116517593666,46.18518518518518,2.4814814814814814,30.77777777777778,1.3231988668389791,3.7680436521772247,2.3836592942833423
189038709,4080392,0,0,2,0.0,1.0,0.0,0.0,0.0,0.0,0.0,0.0,0.0
210501747,4080392,0,0,16,0.0,2.771782221599798,0.0,0.0,0.0,0.0,0.0,0.0,0.0
10764413,4080392,0,0,21,1.9219280948873623,3.844232898763191,2.321928094887362,0.0,0.0,0.0,0.0,0.0,0.0
21782661,4080392,0,0,17,0.8112781244591328,3.6168746059562227,2.0,0.0,0.0,0.0,0.0,0.0,0.0
12320903,4080392,0,0,2,0.0,1.0,0.0,0.0,0.0,0.0,0.0,0.0,0.0
196403336,4080392,0,0,18,0.0,4.169925001442313,0.0,0.0,0.0,0.0,0.0,0.0,0.0
4800650,4080392,0,0,2,0.0,1.0,0.0,0.0,0.0,0.0,0.0,0.0,0.0
193110154,4080392,0,0,15,1.5,3.906890595608518,2.0,0.0,0.0,0.0,0.0,0.0,0.0
61718672,4080392,0,0,9,0.0,2.94770277922009,0.0,0.0,0.0,0.0,0.0,0.0,0.0
197689495,4080392,0,0,212,0.0,6.582719328718687,0.0,0.0,0.0,0.0,0.0,0.0,0.0
2113690,4080392,8,1,117,1.7229365739455136,6.610838839441506,5.491853096329673,60.75,5.25,12.5,1.2579525149088804,3.33236572289501,2.165115282233155
189407386,4080392,0,0,24,1.4466166676282082,4.053508854797679,2.94770277922009,0.0,0.0,0.0,0.0,0.0,0.0
55197862,4080392,0,0,3,0.0,1.584962500721156,0.0,0.0,0.0,0.0,0.0,0.0,0.0
12075175,4080392,0,0,31,0.9182958340544896,4.825164052322361,1.584962500721156,0.0,0.0,0.0,0.0,0.0,0.0
14131366,4080392,0,0,14,0.0,3.8073549220576055,1.0,0.0,0.0,0.0,0.0,0.0,0.0
6348970,4080392,23,2,640,3.789704516765797,5.369357752510425,7.300819365690885,40.17391304347826,3.260869565217391,26.695652173913043,1.6787316304824045,2.905776483663194,2.352462009483342
195084458,4080392,0,0,37,0.0,5.047291203466791,0.0,0.0,0.0,0.0,0.0,0.0,0.0
111493292,4080392,0,0,1,0.0,0.0,0.0,0.0,0.0,0.0,0.0,0.0,0.0
92364982,4080392,0,0,1,0.0,0.0,0.0,0.0,0.0,0.0,0.0,0.0,0.0
44597432,4080392,0,0,92,1.6043068953130522,6.08877934736137,4.368522527728205,0.0,0.0,0.0,0.0,0.0,0.0
202981560,4080392,0,0,54,0.0,5.319521298379636,0.0,0.0,0.0,0.0,0.0,0.0,0.0
197116091,4080392,0,0,123,0.0,5.990818163664748,0.0,0.0,0.0,0.0,0.0,0.0,0.0
210018491,4080392,0,0,28,0.0,4.566108939837479,0.0,0.0,0.0,0.0,0.0,0.0,0.0
9724101,4080392,18,1,3,0.0,1.584962500721156,0.0,64.0,4.388888888888889,51.0,1.6386432449416004,3.5942829501691347,2.6575438959928963
184221900,4080392,0,0,5,0.0,2.321928094887362,1.0,0.0,0.0,0.0,0.0,0.0,0.0
70672592,4080392,0,0,7,0.0,2.8073549220576046,0.0,0.0,0.0,0.0,0.0,0.0,0.0
25845972,4080392,0,0,34,2.739572261986723,4.829966150010237,3.906890595608518,0.0,0.0,0.0,0.0,0.0,0.0
149569752,4080392,0,0,15,1.0,3.773557262275185,1.0,0.0,0.0,0.0,0.0,0.0,0.0
198377699,4080392,0,0,54,0.0,5.2964636595308106,0.0,0.0,0.0,0.0,0.0,0.0,0.0
66666732,4080392,0,0,25,0.0,4.0994705707972505,0.0,0.0,0.0,0.0,0.0,0.0,0.0
61317362,4080392,20,1,7,0.0,2.8073549220576046,0.0,50.75,3.7,21.6,1.4359106044831278,2.819822435438988,2.0609116942841648
6701300,4080392,27,1,7,2.321928094887362,2.8073549220576046,2.321928094887362,52.25925925925926,3.1481481481481484,18.333333333333332,1.4096637822722908,2.9838705552312863,2.0665776085439185
127000822,4080392,27,1,4,0.0,2.0,0.0,52.25925925925926,3.1481481481481484,18.444444444444443,1.4956611191199707,3.013772589381568,2.1525749453915988
208421112,4080392,0,0,8,0.0,3.0,0.0,0.0,0.0,0.0,0.0,0.0,0.0
7921915,4080392,0,0,22,1.9219280948873623,4.277613436819114,2.321928094887362,0.0,0.0,0.0,0.0,0.0,0.0
184582397,4080392,0,0,64,0.0,5.75,0.0,0.0,0.0,0.0,0.0,0.0,0.0
8560899,4080392,0,0,21,1.6644977792004616,4.39231742277876,2.8073549220576046,0.0,0.0,0.0,0.0,0.0,0.0
206536970,4080392,0,0,62,0.0,5.160336940243752,0.0,0.0,0.0,0.0,0.0,0.0,0.0
208388363,4080392,0,0,40,0.0,4.580640983527282,0.0,0.0,0.0,0.0,0.0,0.0,0.0
159056152,4080392,0,0,24,0.0,4.303508854797679,0.0,0.0,0.0,0.0,0.0,0.0,0.0
8904985,4080392,17,1,1,0.0,0.0,0.0,50.411764705882355,3.9411764705882355,66.94117647058823,2.0824139274033415,3.294980902647811,2.986093493766649
204833051,4080392,0,0,44,0.0,4.470573095811686,0.0,0.0,0.0,0.0,0.0,0.0,0.0
184459552,4080392,0,0,6,0.0,2.584962500721156,0.0,0.0,0.0,0.0,0.0,0.0,0.0
157049122,4080392,0,0,38,1.3382689280764646,4.984769618706746,3.773557262275185,0.0,0.0,0.0,0.0,0.0,0.0
205242658,4080392,0,0,33,0.0,4.4531888161970326,0.0,0.0,0.0,0.0,0.0,0.0,0.0
184738087,4080392,0,0,72,0.0,5.648955904159997,0.0,0.0,0.0,0.0,0.0,0.0,0.0
12607786,4080392,219,17,109,5.092028166108292,3.9462244625480287,3.6585088487495616,27.36986301369863,1.6073059360730593,21.98173515981735,1.1176435183553306,2.8822384625329223,1.9488079100208877
56967472,4080392,86,5,145,3.382621494987211,6.752212452559753,6.182838116298153,37.24418604651163,2.1511627906976742,23.03488372093023,1.0745053258498487,3.1282961002424883,1.935211060222689
212738352,4080392,0,0,11,0.0,2.7321588913645707,0.0,0.0,0.0,0.0,0.0,0.0,0.0
187457841,4080392,0,0,10,0.0,1.7709505944546688,0.0,0.0,0.0,0.0,0.0,0.0,0.0
195191091,4080392,0,0,23,0.0,4.523561956057013,1.0,0.0,0.0,0.0,0.0,0.0,0.0
3719477,4080392,0,0,88,3.3116975500832186,5.6178650685126446,5.072140159802107,0.0,0.0,0.0,0.0,0.0,0.0
209838399,4080392,0,0,6,0.0,2.584962500721156,0.0,0.0,0.0,0.0,0.0,0.0,0.0
2531648,4080392,34,2,8,2.2516291673878226,3.0,2.584962500721156,46.11764705882353,3.0294117647058822,26.352941176470587,1.3135460840579956,3.4551551218353267,2.261069318390321
14549315,4080392,0,0,28,0.0,4.566108939837479,0.0,0.0,0.0,0.0,0.0,0.0,0.0
65028422,4080392,0,0,54,0.0,5.4585912058671715,0.0,0.0,0.0,0.0,0.0,0.0,0.0
184549704,4080392,0,0,31,0.0,4.954196310386877,0.0,0.0,0.0,0.0,0.0,0.0,0.0
212902216,4080392,0,0,1,0.0,0.0,0.0,0.0,0.0,0.0,0.0,0.0,0.0
190628170,4080392,0,0,36,1.6644977792004616,5.058813890331199,2.8073549220576046,0.0,0.0,0.0,0.0,0.0,0.0
192684362,4080392,0,0,23,0.0,3.9361804341297555,0.0,0.0,0.0,0.0,0.0,0.0,0.0
12214613,4080392,0,0,17,0.0,4.08746284125034,0.0,0.0,0.0,0.0,0.0,0.0,0.0
210755928,4080392,0,0,27,0.0,4.027054744592981,0.0,0.0,0.0,0.0,0.0,0.0,0.0
123855202,4080392,0,0,10,0.9182958340544896,3.321928094887362,1.584962500721156,0.0,0.0,0.0,0.0,0.0,0.0
40690022,4080392,0,0,28,2.0387607528626863,4.735926350629031,4.247927513443588,0.0,0.0,0.0,0.0,0.0,0.0
10191211,4080392,42,2,25,2.7534343861887853,4.323856189774722,3.8073549220576055,44.285714285714285,2.5714285714285716,34.523809523809526,1.377010756629571,3.826683814148479,2.462747039962058
199704940,4080392,0,0,41,0.0,4.851335236272631,0.0,0.0,0.0,0.0,0.0,0.0,0.0
32792942,4080392,27,1,1,0.0,0.0,0.0,52.25925925925926,3.1481481481481484,18.555555555555557,1.4956611191199707,3.087846663455642,2.1525749453915988
119882102,4080392,0,0,3,0.0,1.584962500721156,0.0,0.0,0.0,0.0,0.0,0.0,0.0
7659895,4080392,0,0,26,0.9182958340544896,4.3637132757501895,1.584962500721156,0.0,0.0,0.0,0.0,0.0,0.0
118768002,4080392,0,0,14,0.0,3.6644977792004623,1.584962500721156,0.0,0.0,0.0,0.0,0.0,0.0
65995142,4080392,0,0,15,0.0,3.7735572622751845,1.584962500721156,0.0,0.0,0.0,0.0,0.0,0.0
192668044,4080392,0,0,58,0.0,5.616601684782743,0.0,0.0,0.0,0.0,0.0,0.0,0.0
195182990,4080392,0,0,6,0.0,2.584962500721156,0.0,0.0,0.0,0.0,0.0,0.0,0.0
179290512,4080392,0,0,21,1.9219280948873623,4.297079327540665,2.321928094887362,0.0,0.0,0.0,0.0,0.0,0.0
187318673,4080392,0,0,15,0.0,3.906890595608518,0.0,0.0,0.0,0.0,0.0,0.0,0.0
188899730,4080392,0,0,37,0.0,4.972834784489399,1.584962500721156,0.0,0.0,0.0,0.0,0.0,0.0
191332755,4080392,0,0,20,0.0,4.1219280948873624,1.0,0.0,0.0,0.0,0.0,0.0,0.0
184689046,4080392,0,0,9,0.0,3.169925001442312,0.0,0.0,0.0,0.0,0.0,0.0,0.0
188998041,4080392,0,0,30,0.0,4.840223928941852,0.0,0.0,0.0,0.0,0.0,0.0,0.0
190751132,4080392,0,0,20,0.0,4.321928094887363,0.0,0.0,0.0,0.0,0.0,0.0,0.0
12100000,4080392,0,0,15,0.0,3.906890595608518,0.0,0.0,0.0,0.0,0.0,0.0,0.0
169910692,4080392,0,0,1,0.0,0.0,0.0,0.0,0.0,0.0,0.0,0.0,0.0
95224232,4080392,31,2,18,1.3787834934861758,3.905764584655453,2.8073549220576046,44.29032258064516,2.967741935483871,21.580645161290324,1.1913788803243224,3.1025345549836874,1.9171997006433508
84820392,4080392,0,0,1,0.0,0.0,0.0,0.0,0.0,0.0,0.0,0.0,0.0
187195820,4080392,0,0,9,0.0,3.169925001442312,1.0,0.0,0.0,0.0,0.0,0.0,0.0
214245822,4080392,0,0,24,0.0,3.688721875540868,0.0,0.0,0.0,0.0,0.0,0.0,0.0
187318728,4080392,0,0,12,0.0,3.584962500721156,0.0,0.0,0.0,0.0,0.0,0.0,0.0
191144404,4080392,0,0,25,0.8112781244591328,4.373660689688184,2.0,0.0,0.0,0.0,0.0,0.0,0.0
199737815,4080392,0,0,21,0.0,4.201841232302569,0.0,0.0,0.0,0.0,0.0,0.0,0.0
187212250,4080392,0,0,18,0.0,4.169925001442313,0.0,0.0,0.0,0.0,0.0,0.0,0.0
196993499,4080392,0,0,27,0.0,4.606739354015323,0.0,0.0,0.0,0.0,0.0,0.0,0.0
48038362,4080392,0,0,4,0.0,2.0,0.0,0.0,0.0,0.0,0.0,0.0,0.0
139444712,4080392,0,0,46,0.0,5.43660543431788,0.0,0.0,0.0,0.0,0.0,0.0,0.0
185156077,4080392,0,0,19,1.5,4.247927513443588,2.0,0.0,0.0,0.0,0.0,0.0,0.0
184148462,4080392,0,0,22,1.2516291673878228,4.459431618637295,2.584962500721156,0.0,0.0,0.0,0.0,0.0,0.0
186696173,4080392,0,0,1,0.0,0.0,0.0,0.0,0.0,0.0,0.0,0.0,0.0
190464499,4080392,0,0,14,0.0,3.8073549220576055,0.0,0.0,0.0,0.0,0.0,0.0,0.0
52068852,4080392,17,1,8,2.8073549220576046,3.0,2.8073549220576046,50.411764705882355,3.9411764705882355,66.52941176470588,1.9172754025764238,3.1185103144125166,2.8209549689397306
181092862,4080392,0,0,6,0.0,2.584962500721156,0.0,0.0,0.0,0.0,0.0,0.0,0.0
37921282,4080392,0,0,37,1.836591668108979,4.918780730435346,3.169925001442312,0.0,0.0,0.0,0.0,0.0,0.0
209658375,4080392,0,0,29,0.0,4.625053839880556,0.0,0.0,0.0,0.0,0.0,0.0,0.0
17949192,4080392,0,0,48,0.0,4.5421760881167765,0.0,0.0,0.0,0.0,0.0,0.0,0.0
25117192,4080392,0,0,18,1.5,3.6835423624332306,2.0,0.0,0.0,0.0,0.0,0.0,0.0
8561163,4080392,0,0,17,0.0,4.08746284125034,0.0,0.0,0.0,0.0,0.0,0.0,0.0
87769612,4080392,0,0,15,0.0,2.7395722619867224,0.0,0.0,0.0,0.0,0.0,0.0,0.0
202695182,4080392,0,0,89,0.0,5.70759266718438,0.0,0.0,0.0,0.0,0.0,0.0,0.0
11125267,4080392,0,0,48,1.3516441151533922,4.990601562950725,3.169925001442312,0.0,0.0,0.0,0.0,0.0,0.0
183222812,4080392,18,1,6,1.0,2.584962500721156,1.0,64.0,4.388888888888889,50.833333333333336,1.583087689386045,3.5387273946135793,2.6019883404373405
182551079,4080392,0,0,6,0.0,1.7924812503605778,0.0,0.0,0.0,0.0,0.0,0.0,0.0
90145322,4080392,22,1,10,0.0,3.321928094887362,1.0,49.68181818181818,3.090909090909091,23.40909090909091,1.1250267040568045,3.3537578019850303,2.184997440091153
208880171,4080392,0,0,9,0.0,3.169925001442312,0.0,0.0,0.0,0.0,0.0,0.0,0.0
205374000,4080392,0,0,3,0.0,1.584962500721156,0.0,0.0,0.0,0.0,0.0,0.0,0.0
10052147,4080392,0,0,10,0.0,3.121928094887362,0.0,0.0,0.0,0.0,0.0,0.0,0.0
11526712,4080392,0,0,15,1.0,3.506890595608518,1.0,0.0,0.0,0.0,0.0,0.0,0.0
186335809,4080392,0,0,8,0.0,3.0,0.0,0.0,0.0,0.0,0.0,0.0,0.0
158327362,4080392,0,0,62,0.0,5.7484723184164945,0.0,0.0,0.0,0.0,0.0,0.0,0.0
205857347,4080392,0,0,16,0.0,3.702819531114783,0.0,0.0,0.0,0.0,0.0,0.0,0.0
198361672,4080392,0,0,35,0.0,4.7648576597402945,0.0,0.0,0.0,0.0,0.0,0.0,0.0
196633165,4080392,0,0,11,0.0,3.459431618637298,1.0,0.0,0.0,0.0,0.0,0.0,0.0
201744979,4080392,0,0,20,0.0,3.208694969562842,0.0,0.0,0.0,0.0,0.0,0.0,0.0
207086163,4080392,0,0,92,0.0,5.382526246688341,0.0,0.0,0.0,0.0,0.0,0.0,0.0
192635477,4080392,0,0,56,0.0,5.615303359518975,1.0,0.0,0.0,0.0,0.0,0.0,0.0
129819222,4080392,0,0,18,2.0349409139562287,3.836591668108979,3.5465935642949384,0.0,0.0,0.0,0.0,0.0,0.0
190472790,4080392,0,0,35,0.0,4.957854445516393,0.0,0.0,0.0,0.0,0.0,0.0,0.0
215171668,4080392,0,0,34,0.0,4.189541517339139,0.0,0.0,0.0,0.0,0.0,0.0,0.0
214581849,4080392,0,0,5,0.0,2.321928094887362,0.0,0.0,0.0,0.0,0.0,0.0,0.0
216023635,4080392,0,0,71,0.0,4.963243516639621,0.0,0.0,0.0,0.0,0.0,0.0,0.0
202310235,4080392,0,0,9,0.0,3.169925001442312,0.0,0.0,0.0,0.0,0.0,0.0,0.0
209871458,4080392,0,0,41,0.0,4.331850838642223,0.0,0.0,0.0,0.0,0.0,0.0,0.0
198689384,4080392,0,0,52,0.0,5.363713275750191,0.0,0.0,0.0,0.0,0.0,0.0,0.0
211845743,4080392,0,0,26,0.0,3.7907672391255827,0.0,0.0,0.0,0.0,0.0,0.0,0.0
214835824,4080392,0,0,17,0.0,3.6168746059562227,0.0,0.0,0.0,0.0,0.0,0.0,0.0
9740915,4080392,0,0,11,1.0,3.459431618637298,1.0,0.0,0.0,0.0,0.0,0.0,0.0
21955201,4080392,16,1,48,1.753434386188785,5.4599625007211605,3.8073549220576055,53.625,4.0625,15.375,1.1695237466886819,2.552995457595764,1.7746542878683527
118104712,4080392,11,1,1,0.0,0.0,0.0,45.27272727272727,3.909090909090909,13.454545454545455,1.0333529711846454,3.001036975722651,1.8681406029921093
204227210,4080392,0,0,30,0.0,4.481727678869737,0.0,0.0,0.0,0.0,0.0,0.0,0.0
6029966,4080392,0,0,13,1.5,3.7004397181410926,2.0,0.0,0.0,0.0,0.0,0.0,0.0
206275215,4080392,0,0,3,0.0,1.584962500721156,0.0,0.0,0.0,0.0,0.0,0.0,0.0
186213008,4080392,0,0,28,0.0,4.593069207771888,1.584962500721156,0.0,0.0,0.0,0.0,0.0,0.0
3498640,4080392,19,1,8,0.0,3.0,0.0,47.73684210526316,3.1052631578947367,21.31578947368421,1.4089120670274031,3.695130349148657,2.359173857028333
150749842,4080392,0,0,18,1.0,3.905764584655453,1.0,0.0,0.0,0.0,0.0,0.0,0.0
211182222,4080392,0,0,30,0.0,4.093344863722962,0.0,0.0,0.0,0.0,0.0,0.0,0.0
193790621,4080392,16,1,8,1.0,3.0,1.0,57.375,4.1875,33.8125,1.8088316742500923,3.900995349417096,2.7861729715143433
172147362,4080392,0,0,12,1.0,3.584962500721156,1.0,0.0,0.0,0.0,0.0,0.0,0.0
212574882,4080392,0,0,4,0.0,2.0,0.0,0.0,0.0,0.0,0.0,0.0,0.0
53797542,4080392,0,0,49,1.224394445405986,5.043281272686637,3.169925001442312,0.0,0.0,0.0,0.0,0.0,0.0
192447146,4080392,27,1,71,1.4182958340544896,5.466235499603542,3.584962500721156,46.18518518518518,2.4814814814814814,29.185185185185187,1.3128941234544373,3.72676912350864,2.3875538875008426
194224812,4080392,0,0,72,0.0,5.7322892374933305,0.0,0.0,0.0,0.0,0.0,0.0,0.0
215548588,4080392,0,0,116,0.0,5.032208856338221,0.0,0.0,0.0,0.0,0.0,0.0,0.0
75801272,4080392,0,0,1,0.0,0.0,0.0,0.0,0.0,0.0,0.0,0.0,0.0
78537402,4080392,24,1,6,0.9182958340544896,2.584962500721156,1.584962500721156,54.75,3.4166666666666665,29.041666666666668,1.2331576282890164,3.208276786376615,2.0620046552788174
9274046,4080392,24,1,72,1.4989350663300531,5.565622570826664,4.681727678869737,54.75,3.4166666666666665,26.291666666666668,1.2089643269442012,3.0840826167888857,1.9329727728559598
197542591,4080392,0,0,10,0.0,3.321928094887362,0.0,0.0,0.0,0.0,0.0,0.0,0.0
140976832,4080392,0,0,7,0.0,2.8073549220576046,1.0,0.0,0.0,0.0,0.0,0.0,0.0
200721092,4080392,0,0,9,0.0,2.4193819456463714,0.0,0.0,0.0,0.0,0.0,0.0,0.0
184918727,4080392,0,0,9,0.0,2.6416041678685933,0.0,0.0,0.0,0.0,0.0,0.0,0.0
14107342,4080392,0,0,58,0.7219280948873623,4.8355160139412545,2.321928094887362,0.0,0.0,0.0,0.0,0.0,0.0
206619345,4080392,0,0,20,0.0,3.9219280948873623,0.0,0.0,0.0,0.0,0.0,0.0,0.0
131605212,4080392,0,0,89,1.5970008216693459,6.130172897234233,4.720049960644813,0.0,0.0,0.0,0.0,0.0,0.0
4645597,4080392,9,1,3,0.0,1.584962500721156,1.0,46.77777777777778,4.222222222222222,10.444444444444445,1.4050663421235847,2.905701868852689,2.0833843696487997
203768542,4080392,0,0,117,0.0,5.666339537647415,0.0,0.0,0.0,0.0,0.0,0.0,0.0
210969312,4080392,0,0,34,0.0,3.205109900073868,0.0,0.0,0.0,0.0,0.0,0.0,0.0
184107750,4080392,0,0,10,0.0,2.8464393446710154,0.0,0.0,0.0,0.0,0.0,0.0,0.0
6357737,4080392,0,0,30,2.2109736165067546,4.748394345536403,4.169925001442313,0.0,0.0,0.0,0.0,0.0,0.0
207700732,4080392,0,0,13,0.0,3.334679141051595,0.0,0.0,0.0,0.0,0.0,0.0,0.0
188875520,4080392,0,0,17,0.0,4.08746284125034,0.0,0.0,0.0,0.0,0.0,0.0,0.0
63570692,4080392,0,0,9,0.0,2.94770277922009,0.0,0.0,0.0,0.0,0.0,0.0,0.0
208708357,4080392,0,0,83,0.0,5.58511746978865,0.0,0.0,0.0,0.0,0.0,0.0,0.0
77816582,4080392,0,0,95,0.0,5.7845570932348656,1.0,0.0,0.0,0.0,0.0,0.0,0.0
189448972,4080392,0,0,44,2.040223928941852,4.436260027531528,3.906890595608518,0.0,0.0,0.0,0.0,0.0,0.0
194306828,4080392,0,0,11,0.0,3.459431618637298,0.0,0.0,0.0,0.0,0.0,0.0,0.0
13263630,4080392,0,0,1,0.0,0.0,0.0,0.0,0.0,0.0,0.0,0.0,0.0
198312719,4080392,0,0,63,0.0,5.379637313112566,0.0,0.0,0.0,0.0,0.0,0.0,0.0
160318232,4080392,0,0,4,0.0,2.0,1.0,0.0,0.0,0.0,0.0,0.0,0.0
10715930,4080392,0,0,25,0.9182958340544896,4.323856189774722,1.584962500721156,0.0,0.0,0.0,0.0,0.0,0.0
202408731,4080392,0,0,17,0.0,4.08746284125034,0.0,0.0,0.0,0.0,0.0,0.0,0.0
185344796,4080392,0,0,22,0.0,4.368522527728205,1.0,0.0,0.0,0.0,0.0,0.0,0.0
100729632,4080392,0,0,2,0.0,1.0,0.0,0.0,0.0,0.0,0.0,0.0,0.0
108798772,4080392,0,0,45,0.9182958340544896,4.724534762707879,1.584962500721156,0.0,0.0,0.0,0.0,0.0,0.0
183214901,4080392,0,0,15,0.0,3.906890595608518,0.0,0.0,0.0,0.0,0.0,0.0,0.0
29532982,4080392,0,0,16,1.0,4.0,1.0,0.0,0.0,0.0,0.0,0.0,0.0
211198774,4080392,0,0,27,0.0,2.8991202304659063,0.0,0.0,0.0,0.0,0.0,0.0,0.0
182707002,4080392,0,0,3,0.0,1.584962500721156,0.0,0.0,0.0,0.0,0.0,0.0,0.0
200917831,4080392,0,0,79,0.0,5.432785364541993,0.0,0.0,0.0,0.0,0.0,0.0,0.0
10249034,4080392,9,1,21,2.3709505944546683,4.39231742277876,3.321928094887362,57.22222222222222,5.111111111111111,15.333333333333334,1.2722850473936669,2.945047197221686,1.9682148278682317
122135372,4080392,27,1,8,1.3709505944546687,3.0,2.321928094887362,52.25925925925926,3.1481481481481484,18.296296296296298,1.444885171177205,2.9767355523445307,2.0665776085439185
206299983,4080392,0,0,64,0.0,4.932524838882802,0.0,0.0,0.0,0.0,0.0,0.0,0.0
208192339,4080392,0,0,22,0.0,4.243300368538955,0.0,0.0,0.0,0.0,0.0,0.0,0.0
10208092,4080392,0,0,9,0.0,3.169925001442312,0.0,0.0,0.0,0.0,0.0,0.0,0.0
209675100,4080392,0,0,28,0.0,4.494680368408908,0.0,0.0,0.0,0.0,0.0,0.0,0.0
209224554,4080392,0,0,3,0.0,1.584962500721156,0.0,0.0,0.0,0.0,0.0,0.0,0.0
48759662,4080392,0,0,16,0.0,3.875,0.0,0.0,0.0,0.0,0.0,0.0,0.0
150299502,4080392,0,0,42,1.584962500721156,4.6387106500548745,1.584962500721156,0.0,0.0,0.0,0.0,0.0,0.0
208487278,4080392,0,0,1,0.0,0.0,0.0,0.0,0.0,0.0,0.0,0.0,0.0
210314097,4080392,0,0,2,0.0,1.0,0.0,0.0,0.0,0.0,0.0,0.0,0.0
2859891,4080392,0,0,90,3.0396330438946317,5.449059804353489,4.39231742277876,0.0,0.0,0.0,0.0,0.0,0.0
5964661,4080392,38,4,2,1.0,1.0,1.0,37.078947368421055,2.8947368421052633,17.789473684210527,1.3952080937720752,2.8041229395624745,2.0793695464048536
197985142,4080392,0,0,30,0.0,4.7068905956085185,0.0,0.0,0.0,0.0,0.0,0.0,0.0
1598328,4080392,0,0,11,0.0,3.459431618637298,0.0,0.0,0.0,0.0,0.0,0.0,0.0
186319737,4080392,18,1,27,0.0,4.102678595702848,0.0,60.0,4.166666666666667,14.222222222222221,1.0078747357503723,2.472371611602978,1.5539561444338794
3294073,4080392,0,0,51,2.263809173883546,5.554778283147971,3.8073549220576055,0.0,0.0,0.0,0.0,0.0,0.0
189023100,4080392,0,0,11,0.0,2.2221915755066783,0.0,0.0,0.0,0.0,0.0,0.0,0.0
207504256,4080392,0,0,21,0.0,4.011365041826378,0.0,0.0,0.0,0.0,0.0,0.0,0.0
8348546,4080392,27,1,41,2.5550365325772657,5.1440181631019,4.0,46.18518518518518,2.4814814814814814,30.296296296296298,1.270792616101742,3.7387030989346273,2.3721821282682924
182551429,4080392,0,0,21,0.8112781244591328,4.39231742277876,2.0,0.0,0.0,0.0,0.0,0.0,0.0
44319622,4080392,0,0,24,1.2516291673878228,3.39624062518029,2.584962500721156,0.0,0.0,0.0,0.0,0.0,0.0
205742983,4080392,0,0,65,0.0,5.116820061674646,0.0,0.0,0.0,0.0,0.0,0.0,0.0
215024518,4080392,0,0,32,0.0,4.1875,0.0,0.0,0.0,0.0,0.0,0.0,0.0
214885261,4080392,0,0,75,0.0,4.465999588206974,0.0,0.0,0.0,0.0,0.0,0.0,0.0
192365461,4080392,0,0,10,0.0,3.321928094887362,0.0,0.0,0.0,0.0,0.0,0.0,0.0
10437540,4080392,0,0,31,2.5503407095463886,4.567099536193328,3.459431618637298,0.0,0.0,0.0,0.0,0.0,0.0
187286438,4080392,0,0,18,0.0,4.058813890331201,0.0,0.0,0.0,0.0,0.0,0.0,0.0
122274732,4080392,0,0,6,0.0,2.584962500721156,0.0,0.0,0.0,0.0,0.0,0.0,0.0
196928439,4080392,0,0,12,0.0,3.2516291673878226,0.0,0.0,0.0,0.0,0.0,0.0,0.0
189555643,4080392,0,0,27,0.0,4.680813428089397,0.0,0.0,0.0,0.0,0.0,0.0,0.0
4129724,4080392,0,0,11,1.0,3.459431618637298,1.0,0.0,0.0,0.0,0.0,0.0,0.0
141517762,4080392,0,0,16,0.9182958340544896,3.75,1.584962500721156,0.0,0.0,0.0,0.0,0.0,0.0
3548115,4080392,0,0,130,2.347312051491349,6.520681036498659,4.523561956057013,0.0,0.0,0.0,0.0,0.0,0.0
125486042,4080392,0,0,5,0.9182958340544896,2.321928094887362,1.584962500721156,0.0,0.0,0.0,0.0,0.0,0.0
88474602,4080392,0,0,3,1.0,1.584962500721156,1.0,0.0,0.0,0.0,0.0,0.0,0.0
5563374,4080392,0,0,29,0.9182958340544896,4.789015477886193,2.584962500721156,0.0,0.0,0.0,0.0,0.0,0.0
130360312,4080392,0,0,9,1.0,2.94770277922009,1.0,0.0,0.0,0.0,0.0,0.0,0.0
48112632,4080392,0,0,20,1.5219280948873621,4.1219280948873624,2.321928094887362,0.0,0.0,0.0,0.0,0.0,0.0
195257339,4080392,0,0,13,0.0,3.180832987205441,0.0,0.0,0.0,0.0,0.0,0.0,0.0
50185212,4080392,0,0,7,0.0,2.8073549220576046,0.0,0.0,0.0,0.0,0.0,0.0,0.0
203236347,4080392,0,0,65,0.0,5.334228490671526,0.0,0.0,0.0,0.0,0.0,0.0,0.0
191726593,4080392,0,0,13,0.0,3.5465935642949384,0.0,0.0,0.0,0.0,0.0,0.0,0.0
183460879,4080392,0,0,1,0.0,0.0,0.0,0.0,0.0,0.0,0.0,0.0,0.0
2753552,4080392,0,0,34,2.423794940695399,4.969815782426809,4.0,0.0,0.0,0.0,0.0,0.0,0.0
9815055,4080392,0,0,20,0.0,4.321928094887363,0.0,0.0,0.0,0.0,0.0,0.0,0.0
41329682,4080392,0,0,26,0.8112781244591328,4.5465935642949376,2.0,0.0,0.0,0.0,0.0,0.0,0.0
11797524,4080392,16,1,20,1.5566567074628228,4.221928094887362,2.8073549220576046,57.375,4.1875,33.0625,1.774040630033666,3.824624843486636,2.673213288885743
168862742,4080392,0,0,20,0.0,4.321928094887363,0.0,0.0,0.0,0.0,0.0,0.0,0.0
204694552,4080392,0,0,33,0.0,4.513794876803093,0.0,0.0,0.0,0.0,0.0,0.0,0.0
126084122,4080392,0,0,20,1.2516291673878228,4.221928094887362,2.584962500721156,0.0,0.0,0.0,0.0,0.0,0.0
198673435,4080392,0,0,98,0.0,5.817373461590544,0.0,0.0,0.0,0.0,0.0,0.0,0.0
215917595,4080392,0,0,24,0.0,3.584962500721157,0.0,0.0,0.0,0.0,0.0,0.0,0.0
198214685,4080392,0,0,78,0.0,5.175102745347793,0.0,0.0,0.0,0.0,0.0,0.0,0.0
4383774,4080392,0,0,8,1.0,3.0,1.0,0.0,0.0,0.0,0.0,0.0,0.0
199681055,4080392,0,0,37,0.0,5.101345257520845,0.0,0.0,0.0,0.0,0.0,0.0,0.0
40002592,4080392,0,0,18,1.1488348542809168,4.058813890331201,2.8073549220576046,0.0,0.0,0.0,0.0,0.0,0.0
5014561,4080392,18,1,17,0.0,3.6168746059562227,1.584962500721156,64.0,4.388888888888889,50.22222222222222,1.6386432449416004,3.481398944322742,2.5694904237306098
12452896,4080392,0,0,13,0.0,3.546593564294939,0.0,0.0,0.0,0.0,0.0,0.0,0.0
213091359,4080392,0,0,23,0.0,3.669149588474265,0.0,0.0,0.0,0.0,0.0,0.0,0.0
204653605,4080392,0,0,36,0.0,4.29071709993111,0.0,0.0,0.0,0.0,0.0,0.0,0.0
143115302,4080392,0,0,26,1.3709505944546687,4.5465935642949376,2.321928094887362,0.0,0.0,0.0,0.0,0.0,0.0
191611944,4080392,0,0,17,0.7219280948873623,3.969815782426811,2.321928094887362,0.0,0.0,0.0,0.0,0.0,0.0
140280882,4080392,0,0,44,1.8799649487271108,5.260456902679035,3.169925001442312,0.0,0.0,0.0,0.0,0.0,0.0
123823162,4080392,0,0,4,1.584962500721156,2.0,1.584962500721156,0.0,0.0,0.0,0.0,0.0,0.0
205939771,4080392,0,0,26,0.0,4.440636352673265,0.0,0.0,0.0,0.0,0.0,0.0,0.0
53765182,4080392,8,1,1,0.0,0.0,0.0,74.875,6.625,109.25,2.1575014285455696,3.5975921479535837,3.0156031300698114
188359753,4080392,0,0,66,0.0,5.459103354463146,0.0,0.0,0.0,0.0,0.0,0.0,0.0
108340302,4080392,0,0,7,0.0,2.8073549220576046,0.0,0.0,0.0,0.0,0.0,0.0,0.0
9995351,4080392,0,0,12,0.9182958340544896,3.4182958340544896,1.584962500721156,0.0,0.0,0.0,0.0,0.0,0.0
9331806,4080392,0,0,17,0.0,3.286895754518763,1.0,0.0,0.0,0.0,0.0,0.0,0.0
3425378,4080392,0,0,7,0.9182958340544896,2.8073549220576046,1.584962500721156,0.0,0.0,0.0,0.0,0.0,0.0
212026470,4080392,0,0,33,0.0,4.369707376737533,0.0,0.0,0.0,0.0,0.0,0.0,0.0
120972392,4080392,0,0,1,0.0,0.0,0.0,0.0,0.0,0.0,0.0,0.0,0.0
203220077,4080392,0,0,2,0.0,1.0,0.0,0.0,0.0,0.0,0.0,0.0,0.0
183510127,4080392,0,0,16,0.0,4.0,1.0,0.0,0.0,0.0,0.0,0.0,0.0
8651893,4080392,0,0,1,0.0,0.0,0.0,0.0,0.0,0.0,0.0,0.0,0.0
190579831,4080392,0,0,16,0.0,4.0,0.0,0.0,0.0,0.0,0.0,0.0,0.0
36111482,4080392,0,0,7,1.584962500721156,2.8073549220576046,1.584962500721156,0.0,0.0,0.0,0.0,0.0,0.0
13517953,4080392,0,0,4,0.0,2.0,0.0,0.0,0.0,0.0,0.0,0.0,0.0
213361797,4080392,0,0,24,0.0,3.766150648454356,0.0,0.0,0.0,0.0,0.0,0.0,0.0
195167366,4080392,0,0,38,0.0,5.0701673160182334,1.0,0.0,0.0,0.0,0.0,0.0,0.0
103605382,4080392,0,0,62,0.0,5.288321914981321,0.0,0.0,0.0,0.0,0.0,0.0,0.0
206210188,4080392,0,0,17,0.0,3.969815782426811,0.0,0.0,0.0,0.0,0.0,0.0,0.0
190669967,4080392,0,0,10,0.0,3.321928094887362,0.0,0.0,0.0,0.0,0.0,0.0,0.0
172131472,4080392,0,0,11,0.9182958340544896,3.459431618637298,1.584962500721156,0.0,0.0,0.0,0.0,0.0,0.0
10486929,4080392,17,1,8,2.2359263506290326,3.0,2.8073549220576046,50.411764705882355,3.9411764705882355,66.52941176470588,1.950888847954575,3.1185103144125166,2.82095496893973
215073938,4080392,0,0,31,0.0,4.631615665225586,0.0,0.0,0.0,0.0,0.0,0.0,0.0
209872023,4080392,0,0,87,0.0,5.335305243244126,0.0,0.0,0.0,0.0,0.0,0.0,0.0
107201692,4080392,0,0,89,2.0202442071537563,5.389097220231259,3.8073549220576055,0.0,0.0,0.0,0.0,0.0,0.0
186074274,4080392,0,0,54,0.0,4.517614466735074,0.0,0.0,0.0,0.0,0.0,0.0,0.0
201024679,4080392,0,0,52,0.0,5.310734669939356,0.0,0.0,0.0,0.0,0.0,0.0,0.0
105243822,4080392,0,0,15,1.6644977792004616,3.773557262275185,2.8073549220576046,0.0,0.0,0.0,0.0,0.0,0.0
8758447,4080392,38,2,34,1.1567796494470395,4.3815804883091625,3.321928094887362,46.78947368421053,2.8421052631578947,32.13157894736842,1.1937978658089183,3.0901037470764665,1.981013261128977
190973102,4080392,0,0,9,0.0,3.169925001442312,0.0,0.0,0.0,0.0,0.0,0.0,0.0
7718068,4080392,0,0,30,1.4299111709758698,4.773557262275186,3.8073549220576055,0.0,0.0,0.0,0.0,0.0,0.0
201286837,4080392,0,0,73,0.0,5.840375586218013,0.0,0.0,0.0,0.0,0.0,0.0,0.0
1828022,4080392,0,0,65,2.4949188482339504,4.107213039701602,4.1523912776298655,0.0,0.0,0.0,0.0,0.0,0.0
201983165,4080392,0,0,25,0.0,4.643856189774723,0.0,0.0,0.0,0.0,0.0,0.0,0.0
200443073,4080392,0,0,10,0.0,2.9219280948873623,0.0,0.0,0.0,0.0,0.0,0.0,0.0
216310980,4080392,0,0,19,0.0,3.4316235658474326,0.0,0.0,0.0,0.0,0.0,0.0,0.0
74794182,4080392,0,0,99,1.280672129520887,5.566111106826352,3.4182958340544896,0.0,0.0,0.0,0.0,0.0,0.0
193922248,4080392,0,0,56,1.5,4.568814807123834,2.0,0.0,0.0,0.0,0.0,0.0,0.0
9192650,4080392,12,1,7,1.0,2.8073549220576046,2.251629167387823,70.91666666666667,5.833333333333333,20.333333333333332,1.4135868658277513,2.278393763744971,1.612506207211266
7800011,4080392,0,0,12,0.9182958340544896,3.2516291673878226,1.584962500721156,0.0,0.0,0.0,0.0,0.0,0.0
30926032,4080392,0,0,30,2.355388542207534,4.573557262275186,3.584962500721156,0.0,0.0,0.0,0.0,0.0,0.0
55452882,4080392,0,0,1,0.0,0.0,0.0,0.0,0.0,0.0,0.0,0.0,0.0
151282902,4080392,0,0,58,1.0,5.4526400467771055,1.0,0.0,0.0,0.0,0.0,0.0,0.0
63341782,4080392,0,0,13,0.0,3.5465935642949384,1.0,0.0,0.0,0.0,0.0,0.0,0.0
211723486,4080392,0,0,6,0.0,2.2516291673878226,0.0,0.0,0.0,0.0,0.0,0.0,0.0
210527463,4080392,0,0,4,0.0,2.0,0.0,0.0,0.0,0.0,0.0,0.0,0.0
9413866,4080392,0,0,33,2.7334585933443494,4.388288529831084,3.875,0.0,0.0,0.0,0.0,0.0,0.0
197559530,4080392,0,0,5,0.0,2.321928094887362,0.0,0.0,0.0,0.0,0.0,0.0,0.0
4777196,4080392,0,0,41,1.7609640474436812,4.928048578412306,3.321928094887362,0.0,0.0,0.0,0.0,0.0,0.0
79398132,4080392,0,0,17,0.0,3.4045428133422924,0.0,0.0,0.0,0.0,0.0,0.0,0.0
31540472,4080392,0,0,77,1.4392540172118764,6.02321657313434,4.08746284125034,0.0,0.0,0.0,0.0,0.0,0.0
191587578,4080392,27,1,38,0.9456603046006402,5.0900327766014835,3.459431618637298,46.18518518518518,2.4814814814814814,30.40740740740741,1.330399143063839,3.7407025576939015,2.392203179429874
210765051,4080392,0,0,134,0.0,5.096036154927665,0.0,0.0,0.0,0.0,0.0,0.0,0.0
186205438,4080392,0,0,3,0.0,1.584962500721156,0.0,0.0,0.0,0.0,0.0,0.0,0.0
96003332,4080392,0,0,8,0.0,2.75,0.0,0.0,0.0,0.0,0.0,0.0,0.0
47293702,4080392,0,0,35,1.4466166676282082,4.786425874087821,3.169925001442312,0.0,0.0,0.0,0.0,0.0,0.0
213583113,4080392,0,0,45,0.0,4.914075318551897,0.0,0.0,0.0,0.0,0.0,0.0,0.0
214254865,4080392,0,0,27,0.0,4.02705474459298,0.0,0.0,0.0,0.0,0.0,0.0,0.0
197469462,4080392,0,0,48,0.0,5.251629167387825,0.0,0.0,0.0,0.0,0.0,0.0,0.0
13788439,4080392,0,0,4,0.0,2.0,0.0,0.0,0.0,0.0,0.0,0.0,0.0
203670809,4080392,0,0,14,0.0,3.8073549220576055,0.0,0.0,0.0,0.0,0.0,0.0,0.0
4965665,4080392,0,0,73,1.0892300788425848,5.280641287067358,3.6644977792004623,0.0,0.0,0.0,0.0,0.0,0.0
183125285,4080392,0,0,34,0.0,4.852168723603279,0.0,0.0,0.0,0.0,0.0,0.0,0.0
5989671,4080392,0,0,41,2.0,4.331850838642223,2.75,0.0,0.0,0.0,0.0,0.0,0.0
96093482,4080392,0,0,2,0.0,1.0,0.0,0.0,0.0,0.0,0.0,0.0,0.0
212518189,4080392,0,0,9,0.0,2.2810361125534233,0.0,0.0,0.0,0.0,0.0,0.0,0.0
200443196,4080392,0,0,33,0.0,4.631980771648249,0.0,0.0,0.0,0.0,0.0,0.0,0.0
185525567,4080392,0,0,13,0.0,3.7004397181410926,0.0,0.0,0.0,0.0,0.0,0.0,0.0
192628038,4080392,0,0,43,0.0,5.240218243074191,1.0,0.0,0.0,0.0,0.0,0.0,0.0
98379082,4080392,60,3,9,1.584962500721156,3.169925001442312,1.584962500721156,41.6,2.3333333333333335,25.55,1.124181182583597,3.3242370616239096,2.073822117211146
97756492,4080392,0,0,12,1.9182958340544893,3.584962500721156,2.584962500721156,0.0,0.0,0.0,0.0,0.0,0.0
186713420,4080392,0,0,8,0.0,3.0,0.0,0.0,0.0,0.0,0.0,0.0,0.0
205964622,4080392,0,0,13,0.0,3.3927474104487847,0.0,0.0,0.0,0.0,0.0,0.0,0.0
8594767,4080392,0,0,13,0.0,3.546593564294939,1.0,0.0,0.0,0.0,0.0,0.0,0.0
10732892,4080392,40,2,29,1.9219280948873623,4.090234012145145,2.321928094887362,43.425,2.525,31.65,1.4787433220322586,3.7688402138510235,2.5546143686134064
36210022,4080392,0,0,12,1.8423709931771088,3.418295834054489,2.8073549220576046,0.0,0.0,0.0,0.0,0.0,0.0
212755814,4080392,0,0,24,0.0,3.5739348962840567,0.0,0.0,0.0,0.0,0.0,0.0,0.0
121578862,4080392,0,0,50,0.0,5.363856189774727,1.0,0.0,0.0,0.0,0.0,0.0,0.0
157132142,4080392,0,0,28,1.5219280948873621,4.392724905113431,2.321928094887362,0.0,0.0,0.0,0.0,0.0,0.0
33875312,4080392,40,3,6,1.0,2.584962500721156,1.0,35.45,2.65,35.525,1.3972067542452147,2.698653846461958,2.1801704401430384
11109746,4080392,19,1,15,1.4591479170272448,3.5898980954642865,2.584962500721156,47.73684210526316,3.1052631578947367,20.94736842105263,1.3321148082364955,3.664083080966326,2.2231231990956406
205481338,4080392,0,0,61,0.0,5.623280165396269,0.0,0.0,0.0,0.0,0.0,0.0,0.0
73459072,4080392,47,2,25,0.0,4.373660689688184,0.0,45.91489361702128,2.617021276595745,16.78723404255319,1.4365896925027284,3.054081292884678,2.1504447694392357
204465537,4080392,0,0,76,0.0,5.659047414730913,0.0,0.0,0.0,0.0,0.0,0.0,0.0
186344846,4080392,0,0,21,0.0,4.39231742277876,0.0,0.0,0.0,0.0,0.0,0.0,0.0
119162272,4080392,0,0,34,2.3457192839305274,4.829966150010237,4.08746284125034,0.0,0.0,0.0,0.0,0.0,0.0
11543981,4080392,0,0,51,1.7169171866886992,5.437131224324441,4.0,0.0,0.0,0.0,0.0,0.0,0.0
12199343,4080392,59,3,38,1.4353713907745331,4.221097250057958,3.2776134368191165,40.271186440677965,2.288135593220339,29.135593220338983,1.3387755879605256,3.639606462228465,2.4053324832326486
197846447,4080392,0,0,22,0.0,4.368522527728205,0.0,0.0,0.0,0.0,0.0,0.0,0.0
9323962,4080392,17,1,44,2.676737030052132,5.104667062400096,4.459431618637295,58.64705882352941,4.529411764705882,24.823529411764707,1.6669824650829197,2.992927516922002,2.1799172730786944
189277628,4080392,0,0,46,0.0,5.142914673354251,0.0,0.0,0.0,0.0,0.0,0.0,0.0
1172925,4080392,9,1,5,0.9182958340544896,2.321928094887362,1.584962500721156,46.77777777777778,4.222222222222222,10.222222222222221,1.303033471673086,2.823816802834221,2.018388536235338
182986186,4080392,18,1,1,0.0,0.0,0.0,60.0,4.166666666666667,15.666666666666666,1.0078747357503723,2.700298200253136,1.5539561444338794
199288270,4080392,0,0,41,0.0,4.716950480069536,0.0,0.0,0.0,0.0,0.0,0.0,0.0
215516623,4080392,0,0,31,0.0,3.8826066023586927,0.0,0.0,0.0,0.0,0.0,0.0,0.0
212960724,4080392,0,0,22,0.0,3.931720687981077,0.0,0.0,0.0,0.0,0.0,0.0,0.0
19277271,4080392,20,1,1,0.0,0.0,0.0,50.75,3.7,21.9,1.4359106044831278,2.960190181541868,2.0609116942841648
149448152,4080392,14,1,1,0.0,0.0,0.0,64.07142857142857,4.857142857142857,21.928571428571427,1.1859239969355386,2.7663410445215666,1.7620617229053674
61195742,4080392,0,0,68,1.3355055565170972,5.6645968485714695,4.169925001442313,0.0,0.0,0.0,0.0,0.0,0.0
59508192,4080392,0,0,705,1.8716582732610971,7.438947204820187,4.789015477886192,0.0,0.0,0.0,0.0,0.0,0.0
119399912,4080392,0,0,17,0.0,3.8521687236032816,0.0,0.0,0.0,0.0,0.0,0.0,0.0
11568617,4080392,0,0,35,1.8496017527145814,5.072140159802107,4.0,0.0,0.0,0.0,0.0,0.0,0.0
151586282,4080392,0,0,11,0.0,3.2776134368191165,0.0,0.0,0.0,0.0,0.0,0.0,0.0
204408300,4080392,0,0,21,0.0,4.297079327540665,0.0,0.0,0.0,0.0,0.0,0.0,0.0
4056558,4080392,0,0,14,1.7924812503605778,3.6644977792004623,2.584962500721156,0.0,0.0,0.0,0.0,0.0,0.0
41371122,4080392,0,0,2,0.0,1.0,0.0,0.0,0.0,0.0,0.0,0.0,0.0
183068151,4080392,0,0,23,0.0,4.523561956057013,0.0,0.0,0.0,0.0,0.0,0.0,0.0
76531192,4080392,19,1,60,0.9182958340544896,5.369146220500344,1.584962500721156,47.73684210526316,3.1052631578947367,18.57894736842105,1.3605807073403249,3.570438442806533,2.275754778043009
192521722,4080392,0,0,18,0.0,4.169925001442313,0.0,0.0,0.0,0.0,0.0,0.0,0.0
47302142,4080392,9,1,9,0.0,3.169925001442312,1.584962500721156,71.22222222222223,6.222222222222222,23.22222222222222,1.9876225272948054,3.0213939992032333,2.2676631306209734
207185409,4080392,0,0,44,0.0,4.765583322887733,0.0,0.0,0.0,0.0,0.0,0.0,0.0
60925442,4080392,36,3,9,0.9182958340544896,3.169925001442312,1.584962500721156,39.05555555555556,2.8055555555555554,19.194444444444443,1.3887643671632608,2.8881644754583347,2.104958391191721
115795462,4080392,0,0,10,0.8112781244591328,3.321928094887362,2.0,0.0,0.0,0.0,0.0,0.0,0.0
67954182,4080392,0,0,13,0.0,3.334679141051595,0.0,0.0,0.0,0.0,0.0,0.0,0.0
111363592,4080392,20,1,32,2.298688570451097,4.9375,4.5638561897747225,51.6,3.35,19.2,1.1886437366894183,3.1005277927756056,2.033204784697946
18171401,4080392,0,0,69,0.0,4.731761510320446,0.0,0.0,0.0,0.0,0.0,0.0,0.0
156288522,4080392,0,0,31,0.0,4.324848729602135,0.0,0.0,0.0,0.0,0.0,0.0,0.0
199976466,4080392,0,0,34,0.0,4.675698135367986,0.0,0.0,0.0,0.0,0.0,0.0,0.0
9569811,4080392,0,0,6,0.0,2.584962500721156,0.0,0.0,0.0,0.0,0.0,0.0,0.0
2164244,4080392,8,1,4,0.0,2.0,1.584962500721156,60.75,5.25,26.625,1.4733195866520694,3.908720577825198,2.6534766066842197
72156692,4080392,0,0,18,0.6500224216483541,3.9477027792200903,2.584962500721156,0.0,0.0,0.0,0.0,0.0,0.0
207365656,4080392,0,0,22,0.0,4.277613436819114,0.0,0.0,0.0,0.0,0.0,0.0,0.0
203236889,4080392,0,0,14,0.0,3.8073549220576055,0.0,0.0,0.0,0.0,0.0,0.0,0.0
52332062,4080392,0,0,5,1.0,2.321928094887362,1.0,0.0,0.0,0.0,0.0,0.0,0.0
184501792,4080392,0,0,115,0.74959525725948,5.834578369304982,3.52164063634332,0.0,0.0,0.0,0.0,0.0,0.0
160007722,4080392,0,0,42,1.1981174211304033,5.201841232302571,3.8073549220576055,0.0,0.0,0.0,0.0,0.0,0.0
51701292,4080392,0,0,19,0.0,3.8924071185928786,0.0,0.0,0.0,0.0,0.0,0.0,0.0
183412275,4080392,0,0,33,0.0,4.923181998146335,0.0,0.0,0.0,0.0,0.0,0.0,0.0
193766967,4080392,0,0,58,1.2958363892911637,5.452640046777107,3.8073549220576055,0.0,0.0,0.0,0.0,0.0,0.0
8431160,4080392,0,0,225,2.0349409139562287,5.535503754137372,3.7004397181410926,0.0,0.0,0.0,0.0,0.0,0.0
194602558,4080392,0,0,63,0.8166890883150209,5.324590788916367,3.4182958340544896,0.0,0.0,0.0,0.0,0.0,0.0
197748287,4080392,0,0,60,0.0,5.164735178725504,0.0,0.0,0.0,0.0,0.0,0.0,0.0
191432256,4080392,0,0,13,0.0,3.7004397181410926,0.0,0.0,0.0,0.0,0.0,0.0,0.0
188466761,4080392,0,0,74,1.9219280948873623,5.535476298319127,2.321928094887362,0.0,0.0,0.0,0.0,0.0,0.0
108545612,4080392,0,0,10,1.0,3.321928094887362,1.0,0.0,0.0,0.0,0.0,0.0,0.0
127575632,4080392,0,0,14,0.9182958340544896,3.8073549220576055,1.584962500721156,0.0,0.0,0.0,0.0,0.0,0.0
13616723,4080392,0,0,1,0.0,0.0,0.0,0.0,0.0,0.0,0.0,0.0,0.0
213567061,4080392,0,0,40,0.0,3.756844121534166,0.0,0.0,0.0,0.0,0.0,0.0,0.0
6923862,4080392,0,0,48,2.8218881955261788,3.5799902949221143,4.058813890331201,0.0,0.0,0.0,0.0,0.0,0.0
67208792,4080392,0,0,1,0.0,0.0,0.0,0.0,0.0,0.0,0.0,0.0,0.0
59795032,4080392,0,0,35,1.0,5.129283016944964,1.0,0.0,0.0,0.0,0.0,0.0,0.0
96323162,4080392,0,0,28,2.4193819456463714,4.735926350629031,3.169925001442312,0.0,0.0,0.0,0.0,0.0,0.0
180176472,4080392,0,0,93,0.0,4.980381174830269,0.0,0.0,0.0,0.0,0.0,0.0,0.0
12674657,4080392,0,0,41,2.230994305917858,5.16243005339857,4.523561956057013,0.0,0.0,0.0,0.0,0.0,0.0
189916771,4080392,0,0,13,0.0,3.5465935642949384,0.0,0.0,0.0,0.0,0.0,0.0,0.0
186066534,4080392,0,0,9,0.0,3.169925001442312,0.0,0.0,0.0,0.0,0.0,0.0,0.0
183920237,4080392,0,0,59,0.0,5.679253218853362,0.0,0.0,0.0,0.0,0.0,0.0,0.0
72361582,4080392,0,0,25,0.8112781244591328,4.453660689688183,2.0,0.0,0.0,0.0,0.0,0.0,0.0
213706349,4080392,0,0,21,0.0,3.83947740018653,0.0,0.0,0.0,0.0,0.0,0.0,0.0
33130102,4080392,0,0,1,0.0,0.0,0.0,0.0,0.0,0.0,0.0,0.0,0.0
19801721,4080392,16,1,6,0.0,2.584962500721156,1.584962500721156,48.1875,3.75,19.5,1.2242096959075053,2.3600172379207827,1.779415225458497
67675772,4080392,62,3,24,1.1488348542809168,4.101227480952956,2.8073549220576046,42.58064516129032,2.4193548387096775,31.56451612903226,1.336240094124359,3.44690308910577,2.2816850858014854
64677502,4080392,12,1,1,0.0,0.0,0.0,70.91666666666667,5.833333333333333,20.833333333333332,1.4969201991610845,2.512340007249772,1.8001419711602509
144344702,4080392,0,0,32,0.0,3.9618974703476995,0.0,0.0,0.0,0.0,0.0,0.0,0.0
6268550,4080392,23,2,8,1.5219280948873621,3.0,2.321928094887362,44.65217391304348,3.391304347826087,27.434782608695652,1.6658800732298058,3.5893286385033822,2.46733445850747
191391367,4080392,0,0,4,0.0,2.0,0.0,0.0,0.0,0.0,0.0,0.0,0.0
202147462,4080392,0,0,27,0.0,4.606739354015322,0.0,0.0,0.0,0.0,0.0,0.0,0.0
3958408,4080392,0,0,21,0.9709505944546686,4.201841232302569,2.321928094887362,0.0,0.0,0.0,0.0,0.0,0.0
10503819,4080392,0,0,53,0.0,4.858981816732815,0.0,0.0,0.0,0.0,0.0,0.0,0.0
216237711,4080392,0,0,21,0.0,3.5585186130489053,0.0,0.0,0.0,0.0,0.0,0.0,0.0
125879952,4080392,0,0,29,0.0,4.461092201874919,0.0,0.0,0.0,0.0,0.0,0.0,0.0
189474463,4080392,0,0,45,0.0,5.04740865188523,0.0,0.0,0.0,0.0,0.0,0.0,0.0
197846693,4080392,0,0,50,0.0,5.291663380285991,0.0,0.0,0.0,0.0,0.0,0.0,0.0
215467686,4080392,0,0,26,0.0,3.422775066261337,0.0,0.0,0.0,0.0,0.0,0.0,0.0
3294887,4080392,0,0,63,0.9182958340544896,5.193405669765725,1.584962500721156,0.0,0.0,0.0,0.0,0.0,0.0
212379303,4080392,0,0,13,0.0,3.085055102756477,0.0,0.0,0.0,0.0,0.0,0.0,0.0
189548201,4080392,0,0,14,0.9182958340544896,3.8073549220576055,1.584962500721156,0.0,0.0,0.0,0.0,0.0,0.0
197093034,4080392,0,0,21,0.0,4.297079327540665,0.0,0.0,0.0,0.0,0.0,0.0,0.0
198125225,4080392,0,0,17,0.0,3.969815782426811,0.0,0.0,0.0,0.0,0.0,0.0,0.0
185779888,4080392,0,0,78,0.0,5.695989802823316,0.0,0.0,0.0,0.0,0.0,0.0,0.0
197068469,4080392,0,0,3,0.0,1.584962500721156,0.0,0.0,0.0,0.0,0.0,0.0,0.0
111232702,4080392,0,0,105,1.3163896416748344,6.447578850999448,4.789015477886192,0.0,0.0,0.0,0.0,0.0,0.0
203318978,4080392,0,0,38,0.0,4.385956789702442,0.0,0.0,0.0,0.0,0.0,0.0,0.0
12150468,4080392,0,0,2,0.0,1.0,0.0,0.0,0.0,0.0,0.0,0.0,0.0
198305478,4080392,0,0,9,0.0,2.2810361125534233,0.0,0.0,0.0,0.0,0.0,0.0,0.0
201983688,4080392,0,0,13,0.0,3.5465935642949384,0.0,0.0,0.0,0.0,0.0,0.0,0.0
185190089,4080392,0,0,49,1.0949143184120975,5.296145752800172,3.8073549220576055,0.0,0.0,0.0,0.0,0.0,0.0
183092938,4080392,0,0,17,0.0,3.969815782426811,1.0,0.0,0.0,0.0,0.0,0.0,0.0
205375176,4080392,0,0,10,0.0,3.321928094887362,0.0,0.0,0.0,0.0,0.0,0.0,0.0
187688652,4080392,0,0,31,0.0,4.825164052322361,1.584962500721156,0.0,0.0,0.0,0.0,0.0,0.0
216098525,4080392,0,0,16,0.0,3.577819531114783,0.0,0.0,0.0,0.0,0.0,0.0,0.0
209938146,4080392,0,0,168,0.0,5.665232295016531,0.0,0.0,0.0,0.0,0.0,0.0,0.0
84428522,4080392,26,2,9,1.5,2.725480556997868,2.0,43.5,3.230769230769231,17.96153846153846,1.260989133026523,2.7136591796496288,1.9530952426886294
7177963,4080392,31,2,27,3.057476076289932,4.504706483564823,4.08746284125034,40.774193548387096,3.064516129032258,46.0,1.6719584480691692,3.0143203623775086,2.449243209271438
188155633,4080392,0,0,2,0.0,1.0,0.0,0.0,0.0,0.0,0.0,0.0,0.0
49604342,4080392,27,1,10,2.128085278891395,3.321928094887362,2.8073549220576046,52.25925925925926,3.1481481481481484,18.22222222222222,1.4168431458276969,2.9648122895709252,2.048598837167243
183076601,4080392,0,0,12,0.0,3.584962500721156,0.0,0.0,0.0,0.0,0.0,0.0,0.0
208004860,4080392,0,0,45,0.0,4.559093797417741,0.0,0.0,0.0,0.0,0.0,0.0,0.0
188049149,4080392,0,0,50,0.0,5.403856189774728,0.0,0.0,0.0,0.0,0.0,0.0,0.0
111281922,4080392,0,0,90,2.0741647430225756,5.749534926249959,3.8073549220576055,0.0,0.0,0.0,0.0,0.0,0.0
187500300,4080392,0,0,46,1.0,5.15932527122737,1.5,0.0,0.0,0.0,0.0,0.0,0.0
184084237,4080392,0,0,23,0.0,4.436605434317882,0.0,0.0,0.0,0.0,0.0,0.0,0.0
88614672,4080392,24,1,20,1.9609640474436814,4.221928094887362,3.321928094887362,59.416666666666664,3.7083333333333335,18.625,1.3940829611666234,3.187673105702285,2.0337334178448496
197560081,4080392,0,0,14,0.0,3.2359263506290334,0.0,0.0,0.0,0.0,0.0,0.0,0.0
196445986,4080392,0,0,79,1.1771245697587873,5.874992102848912,4.5638561897747225,0.0,0.0,0.0,0.0,0.0,0.0
193234732,4080392,0,0,35,0.0,5.01499730265925,0.0,0.0,0.0,0.0,0.0,0.0,0.0
6719287,4080392,45,2,15,2.721928094887362,3.906890595608518,3.321928094887362,41.6,2.533333333333333,17.57777777777778,1.2708087657007237,2.8341787656345665,1.9225278163641968
192292663,4080392,0,0,25,0.0,4.179470570797251,0.0,0.0,0.0,0.0,0.0,0.0,0.0
87500602,4080392,0,0,12,1.0,3.188721875540867,1.0,0.0,0.0,0.0,0.0,0.0,0.0
38856512,4080392,0,0,12,1.0,3.0220552088742,1.0,0.0,0.0,0.0,0.0,0.0,0.0
3704643,4080392,0,0,11,1.0,3.459431618637298,1.0,0.0,0.0,0.0,0.0,0.0,0.0
204384068,4080392,0,0,12,0.0,3.584962500721156,0.0,0.0,0.0,0.0,0.0,0.0,0.0
209053510,4080392,0,0,37,0.0,3.8552448160118096,0.0,0.0,0.0,0.0,0.0,0.0,0.0
132663112,4080392,0,0,24,0.0,4.418295834054489,0.0,0.0,0.0,0.0,0.0,0.0,0.0
97560392,4080392,0,0,1,0.0,0.0,0.0,0.0,0.0,0.0,0.0,0.0,0.0
9488212,4080392,18,1,4,0.0,2.0,1.584962500721156,64.0,4.388888888888889,50.94444444444444,1.6386432449416004,3.57122531132031,2.5694904237306098
213362519,4080392,0,0,49,0.0,4.413473031094848,0.0,0.0,0.0,0.0,0.0,0.0,0.0
183420760,4080392,0,0,68,0.0,5.681438716626272,0.0,0.0,0.0,0.0,0.0,0.0,0.0
199591769,4080392,0,0,17,0.0,4.08746284125034,0.0,0.0,0.0,0.0,0.0,0.0,0.0
7292762,4080392,0,0,56,3.2005059710789405,5.615303359518975,4.875,0.0,0.0,0.0,0.0,0.0,0.0
427867,4080392,27,1,25,2.128085278891395,3.777796811598594,2.8073549220576046,52.25925925925926,3.1481481481481484,17.666666666666668,1.4168431458276969,2.9479282630260646,2.0485988371672432
70018912,4080392,0,0,1,0.0,0.0,0.0,0.0,0.0,0.0,0.0,0.0,0.0
213272416,4080392,0,0,13,0.0,3.180832987205441,0.0,0.0,0.0,0.0,0.0,0.0,0.0
61810532,4080392,54,3,5,0.9182958340544896,1.9219280948873623,1.584962500721156,44.05555555555556,2.685185185185185,20.48148148148148,1.2150852425239445,3.010567524275319,1.946410352433874
105596772,4080392,0,0,12,0.0,3.584962500721156,0.0,0.0,0.0,0.0,0.0,0.0,0.0
202557284,4080392,0,0,32,0.0,4.363608500731241,0.0,0.0,0.0,0.0,0.0,0.0,0.0
213444452,4080392,0,0,54,0.0,4.4956282429042105,0.0,0.0,0.0,0.0,0.0,0.0,0.0
10692463,4080392,0,0,1,0.0,0.0,0.0,0.0,0.0,0.0,0.0,0.0,0.0
12085116,4080392,0,0,37,1.4591479170272448,4.885129041304629,2.584962500721156,0.0,0.0,0.0,0.0,0.0,0.0
70059902,4080392,0,0,52,0.0,4.496528969407866,0.0,0.0,0.0,0.0,0.0,0.0,0.0
9881472,4080392,24,1,2,1.0,1.0,1.0,54.75,3.4166666666666665,29.208333333333332,1.229753288041287,3.27431689057333,2.0863780928088653
89171842,4080392,70,4,43,3.0170148112524404,4.906159452920695,4.4838561897747224,37.51428571428571,2.2142857142857144,20.285714285714285,1.207127208149688,3.2668331636625214,2.0398614331845732
157435782,4080392,0,0,14,0.0,3.4677201004745006,1.0,0.0,0.0,0.0,0.0,0.0,0.0
34498442,4080392,0,0,9,0.0,3.169925001442312,0.0,0.0,0.0,0.0,0.0,0.0,0.0
75573132,4080392,16,1,55,2.4304570255005586,5.585816304394411,4.700439718141092,59.125,4.3125,37.3125,1.588950615717554,3.8107017419920917,2.551398061092496
195200908,4080392,0,0,50,0.0,5.130826500686662,0.0,0.0,0.0,0.0,0.0,0.0,0.0
210282387,4080392,0,0,48,0.0,4.849874739988986,0.0,0.0,0.0,0.0,0.0,0.0,0.0
193136532,4080392,0,0,9,0.0,3.169925001442312,0.0,0.0,0.0,0.0,0.0,0.0,0.0
3245979,4080392,0,0,99,2.2930343401948696,6.0371425747958725,5.402569011092755,0.0,0.0,0.0,0.0,0.0,0.0
19122091,4080392,22,1,6,0.0,2.584962500721156,1.584962500721156,49.68181818181818,3.090909090909091,23.59090909090909,1.1250267040568045,3.3872562380834936,2.1584082355129186
214206383,4080392,0,0,9,0.0,2.94770277922009,0.0,0.0,0.0,0.0,0.0,0.0,0.0
203057072,4080392,0,0,5,0.0,2.321928094887362,0.0,0.0,0.0,0.0,0.0,0.0,0.0
203450292,4080392,0,0,11,0.0,3.459431618637298,0.0,0.0,0.0,0.0,0.0,0.0,0.0
12666805,4080392,0,0,10,0.9182958340544896,3.321928094887362,1.584962500721156,0.0,0.0,0.0,0.0,0.0,0.0
192980918,4080392,0,0,10,0.0,3.321928094887362,0.0,0.0,0.0,0.0,0.0,0.0,0.0
184371126,4080392,0,0,16,0.0,3.875,1.584962500721156,0.0,0.0,0.0,0.0,0.0,0.0
196970423,4080392,0,0,21,0.0,4.39231742277876,1.0,0.0,0.0,0.0,0.0,0.0,0.0
197535673,4080392,0,0,66,0.0,5.313111354108604,0.0,0.0,0.0,0.0,0.0,0.0,0.0
7276477,4080392,0,0,46,1.6794293668139548,5.34964891257875,3.9477027792200903,0.0,0.0,0.0,0.0,0.0,0.0
173492162,4080392,50,3,5,0.0,2.321928094887362,0.0,43.14,2.66,28.96,1.2832163429543046,3.2774521304004094,2.146891027781259
10110917,4080392,0,0,22,0.0,4.459431618637295,0.0,0.0,0.0,0.0,0.0,0.0,0.0
8808390,4080392,28,2,21,1.75,4.201841232302569,3.0,39.892857142857146,3.0,17.25,1.3030366312603086,2.687813823207445,1.8731090205778276
190326727,4080392,0,0,37,0.0,4.993237149412736,0.0,0.0,0.0,0.0,0.0,0.0,0.0
13191113,4080392,0,0,41,1.0,4.6746251753497905,1.0,0.0,0.0,0.0,0.0,0.0,0.0
113723342,4080392,0,0,20,0.0,4.221928094887362,0.0,0.0,0.0,0.0,0.0,0.0,0.0
197879759,4080392,0,0,11,0.0,3.277613436819116,0.0,0.0,0.0,0.0,0.0,0.0,0.0
118630352,4080392,0,0,11,0.0,3.459431618637298,0.0,0.0,0.0,0.0,0.0,0.0,0.0
127961042,4080392,18,1,5,0.9182958340544896,2.321928094887362,1.584962500721156,60.0,4.166666666666667,15.444444444444445,0.9568583005251229,2.571302194981616,1.465902672171593
199329746,4080392,0,0,22,0.0,4.1523912776298655,0.0,0.0,0.0,0.0,0.0,0.0,0.0
55273432,4080392,0,0,43,0.0,5.083127836047133,0.0,0.0,0.0,0.0,0.0,0.0,0.0
174933982,4080392,27,1,226,3.7703964675252877,5.172401896645726,5.7946965584899806,46.18518518518518,2.4814814814814814,23.444444444444443,1.2257792851777412,3.737651849544115,2.3057118853612564
212682724,4080392,0,0,18,0.0,3.9477027792200903,0.0,0.0,0.0,0.0,0.0,0.0,0.0
9447396,4080392,0,0,35,1.0,4.740436146246769,2.0,0.0,0.0,0.0,0.0,0.0,0.0
57591782,4080392,0,0,20,0.0,4.221928094887362,2.584962500721156,0.0,0.0,0.0,0.0,0.0,0.0
216295396,4080392,0,0,9,0.0,2.2810361125534233,0.0,0.0,0.0,0.0,0.0,0.0,0.0
188565485,4080392,0,0,2,0.0,1.0,0.0,0.0,0.0,0.0,0.0,0.0,0.0
195799034,4080392,0,0,72,0.0,5.420283772955689,0.0,0.0,0.0,0.0,0.0,0.0,0.0
118376442,4080392,0,0,4,0.0,2.0,0.0,0.0,0.0,0.0,0.0,0.0,0.0
193120259,4080392,0,0,68,1.0,5.501076032707296,1.0,0.0,0.0,0.0,0.0,0.0,0.0
158148612,4080392,0,0,81,1.7609640474436812,5.654863046645556,3.321928094887362,0.0,0.0,0.0,0.0,0.0,0.0
12486665,4080392,0,0,1,0.0,0.0,0.0,0.0,0.0,0.0,0.0,0.0,0.0
147130382,4080392,49,3,3,0.0,1.584962500721156,0.0,42.91836734693877,2.693877551020408,28.551020408163264,1.1660926375408809,3.1511096207069706,2.0829888377877612
190867471,4080392,0,0,27,0.0,4.606739354015323,0.0,0.0,0.0,0.0,0.0,0.0,0.0
211535886,4080392,0,0,13,0.0,3.3927474104487847,0.0,0.0,0.0,0.0,0.0,0.0,0.0
95537172,4080392,0,0,9,0.0,3.169925001442312,1.584962500721156,0.0,0.0,0.0,0.0,0.0,0.0
196413464,4080392,0,0,18,0.0,4.169925001442313,0.0,0.0,0.0,0.0,0.0,0.0,0.0
14215202,4080392,0,0,11,0.0,3.459431618637298,1.584962500721156,0.0,0.0,0.0,0.0,0.0,0.0
11585571,4080392,37,2,45,3.468576629687865,4.869630874107452,4.523561956057013,42.0,2.5675675675675675,19.16216216216216,1.2033771844567087,3.335595826495477,2.121175422130125
87517222,4080392,0,0,2,0.0,1.0,0.0,0.0,0.0,0.0,0.0,0.0,0.0
211748906,4080392,0,0,55,0.0,4.781004258821859,0.0,0.0,0.0,0.0,0.0,0.0,0.0
189351979,4080392,0,0,373,0.0,6.078840118512854,0.0,0.0,0.0,0.0,0.0,0.0,0.0
202860591,4080392,0,0,75,0.0,5.466668564379485,0.0,0.0,0.0,0.0,0.0,0.0,0.0
189048883,4080392,0,0,28,0.0,4.735926350629031,0.0,0.0,0.0,0.0,0.0,0.0,0.0
186591284,4080392,0,0,7,0.0,2.8073549220576046,0.0,0.0,0.0,0.0,0.0,0.0,0.0
163637302,4080392,0,0,44,1.224394445405986,5.01602764126623,3.169925001442312,0.0,0.0,0.0,0.0,0.0,0.0
41445432,4080392,36,2,5,1.9219280948873623,2.321928094887362,2.321928094887362,45.05555555555556,3.0,34.166666666666664,1.3305311847011714,3.1560601429294755,2.173056064963551
31139902,4080392,0,0,22,1.9211854965885544,4.459431618637295,3.8073549220576055,0.0,0.0,0.0,0.0,0.0,0.0
216123456,4080392,0,0,1,0.0,0.0,0.0,0.0,0.0,0.0,0.0,0.0,0.0
45238342,4080392,0,0,12,1.7924812503605778,3.584962500721156,2.584962500721156,0.0,0.0,0.0,0.0,0.0,0.0
176261192,4080392,0,0,29,0.9709505944546686,4.720049960644813,2.321928094887362,0.0,0.0,0.0,0.0,0.0,0.0
200230987,4080392,0,0,44,0.0,5.078638720860853,0.0,0.0,0.0,0.0,0.0,0.0,0.0
25905232,4080392,0,0,37,0.0,4.844324311457954,0.0,0.0,0.0,0.0,0.0,0.0,0.0
57010262,4080392,8,1,4,0.0,2.0,2.0,74.875,6.625,108.875,2.1575014285455696,3.3475921479535837,2.7656031300698114
39684182,4080392,0,0,89,2.2783283537314114,6.220060537683671,4.807354922057602,0.0,0.0,0.0,0.0,0.0,0.0
183732312,4080392,0,0,26,0.0,4.440636352673266,0.0,0.0,0.0,0.0,0.0,0.0,0.0
152053852,4080392,0,0,55,1.7142977509479211,5.658543577121684,4.247927513443588,0.0,0.0,0.0,0.0,0.0,0.0
184576095,4080392,0,0,27,0.0,4.754887502163471,0.0,0.0,0.0,0.0,0.0,0.0,0.0
197634145,4080392,0,0,33,0.0,4.9837880587523955,0.0,0.0,0.0,0.0,0.0,0.0,0.0
202696806,4080392,0,0,8,0.0,2.75,0.0,0.0,0.0,0.0,0.0,0.0,0.0
206612586,4080392,0,0,19,0.0,3.9976702764876153,0.0,0.0,0.0,0.0,0.0,0.0,0.0
105334892,4080392,0,0,9,0.0,3.169925001442312,1.584962500721156,0.0,0.0,0.0,0.0,0.0,0.0
189180015,4080392,0,0,16,0.0,3.875,0.0,0.0,0.0,0.0,0.0,0.0,0.0
8538223,4080392,0,0,37,0.0,4.715813838426509,0.0,0.0,0.0,0.0,0.0,0.0,0.0
105146482,4080392,0,0,25,1.573402452417767,4.373660689688184,3.7004397181410926,0.0,0.0,0.0,0.0,0.0,0.0
202229875,4080392,0,0,54,0.0,5.060262039120378,0.0,0.0,0.0,0.0,0.0,0.0,0.0
107923572,4080392,0,0,1,0.0,0.0,0.0,0.0,0.0,0.0,0.0,0.0,0.0
183814261,4080392,0,0,14,0.0,3.8073549220576055,1.584962500721156,0.0,0.0,0.0,0.0,0.0,0.0
195184756,4080392,0,0,49,0.0,4.880543141032819,1.0,0.0,0.0,0.0,0.0,0.0,0.0
183167097,4080392,0,0,37,0.0,5.155399311574899,0.0,0.0,0.0,0.0,0.0,0.0,0.0
204195961,4080392,0,0,13,0.0,3.5465935642949384,0.0,0.0,0.0,0.0,0.0,0.0,0.0
190351484,4080392,0,0,3,0.0,1.584962500721156,0.0,0.0,0.0,0.0,0.0,0.0,0.0
196831358,4080392,0,0,5,0.0,2.321928094887362,0.0,0.0,0.0,0.0,0.0,0.0,0.0
203868289,4080392,0,0,50,0.0,4.8332696895151095,0.0,0.0,0.0,0.0,0.0,0.0,0.0
200272008,4080392,0,0,71,0.0,5.626938450789697,0.0,0.0,0.0,0.0,0.0,0.0,0.0
205564041,4080392,0,0,58,0.0,4.799634822968019,0.0,0.0,0.0,0.0,0.0,0.0,0.0
184076428,4080392,0,0,31,0.0,4.954196310386877,0.0,0.0,0.0,0.0,0.0,0.0,0.0
8128657,4080392,19,1,7,0.0,2.8073549220576046,0.0,47.73684210526316,3.1052631578947367,21.36842105263158,1.4089120670274031,3.705269563777204,2.359173857028333
7530643,4080392,8,1,4,0.8112781244591328,2.0,2.0,58.5,5.125,7.75,1.0691633215135719,2.656229324038766,1.9586056951606934
177383572,4080392,0,0,14,0.8112781244591328,3.8073549220576055,2.0,0.0,0.0,0.0,0.0,0.0,0.0
747674,4080392,0,0,3,0.0,1.584962500721156,0.0,0.0,0.0,0.0,0.0,0.0,0.0
12036251,4080392,0,0,1,0.0,0.0,0.0,0.0,0.0,0.0,0.0,0.0,0.0
5605543,4080392,0,0,32,0.9182958340544896,4.875,1.584962500721156,0.0,0.0,0.0,0.0,0.0,0.0
186804392,4080392,0,0,115,0.0,6.442320242452207,0.0,0.0,0.0,0.0,0.0,0.0,0.0
206596265,4080392,0,0,22,0.0,4.095795255000932,0.0,0.0,0.0,0.0,0.0,0.0,0.0
183503015,4080392,0,0,1,0.0,0.0,0.0,0.0,0.0,0.0,0.0,0.0,0.0
10807467,4080392,16,1,12,1.0,3.584962500721156,1.0,53.625,4.0625,17.625,1.2166133958254808,2.6701829575957645,1.950113970496953
9537709,4080392,0,0,56,3.231730668964463,5.508160502376118,4.857980995127571,0.0,0.0,0.0,0.0,0.0,0.0
189286576,4080392,0,0,87,0.9544340029249649,6.158404559042246,3.0,0.0,0.0,0.0,0.0,0.0,0.0
134252722,4080392,0,0,11,0.0,3.459431618637298,0.0,0.0,0.0,0.0,0.0,0.0,0.0
203876533,4080392,0,0,20,0.0,4.321928094887363,0.0,0.0,0.0,0.0,0.0,0.0,0.0
192268472,4080392,0,0,62,0.0,5.329117479706819,0.0,0.0,0.0,0.0,0.0,0.0,0.0
199485624,4080392,0,0,61,0.0,5.1894376498764325,0.0,0.0,0.0,0.0,0.0,0.0,0.0
213420216,4080392,0,0,7,0.0,2.5216406363433186,0.0,0.0,0.0,0.0,0.0,0.0,0.0
211585211,4080392,0,0,72,0.0,4.4133691182948,0.0,0.0,0.0,0.0,0.0,0.0,0.0
6629567,4080392,0,0,18,0.9182958340544896,3.9477027792200903,1.584962500721156,0.0,0.0,0.0,0.0,0.0,0.0
77015232,4080392,16,1,1,0.0,0.0,0.0,53.625,4.0625,18.3125,1.2791133958254808,2.8942431138908367,2.012613970496953
211347653,4080392,0,0,30,0.0,3.40623892865339,0.0,0.0,0.0,0.0,0.0,0.0,0.0
9963719,4080392,0,0,20,0.0,4.321928094887363,0.0,0.0,0.0,0.0,0.0,0.0,0.0
184142030,4080392,0,0,16,1.584962500721156,3.875,1.584962500721156,0.0,0.0,0.0,0.0,0.0,0.0
190367950,4080392,0,0,11,0.0,3.459431618637298,1.0,0.0,0.0,0.0,0.0,0.0,0.0
211347662,4080392,0,0,25,0.0,4.323856189774723,0.0,0.0,0.0,0.0,0.0,0.0,0.0
149686482,4080392,0,0,5,0.0,2.321928094887362,0.0,0.0,0.0,0.0,0.0,0.0,0.0
117360852,4080392,0,0,22,1.0,4.459431618637295,1.0,0.0,0.0,0.0,0.0,0.0,0.0
200476886,4080392,0,0,22,0.0,3.2776134368191148,0.0,0.0,0.0,0.0,0.0,0.0,0.0
79988952,4080392,0,0,7,1.0,2.8073549220576046,1.0,0.0,0.0,0.0,0.0,0.0,0.0
184027357,4080392,0,0,1,0.0,0.0,0.0,0.0,0.0,0.0,0.0,0.0,0.0
26503392,4080392,0,0,138,1.8498687225851782,6.277594815470931,3.969815782426811,0.0,0.0,0.0,0.0,0.0,0.0
143894752,4080392,0,0,22,1.2516291673878228,4.277613436819114,2.584962500721156,0.0,0.0,0.0,0.0,0.0,0.0
191023328,4080392,0,0,6,0.0,2.251629167387823,0.0,0.0,0.0,0.0,0.0,0.0,0.0
197839076,4080392,0,0,22,0.0,3.8408115970719865,0.0,0.0,0.0,0.0,0.0,0.0,0.0
193612005,4080392,0,0,15,0.0,3.773557262275185,0.0,0.0,0.0,0.0,0.0,0.0,0.0
194013418,4080392,16,1,17,0.5916727785823275,3.8521687236032816,2.8073549220576046,57.375,4.1875,33.25,1.8343521255886968,3.847734804191891,2.673213288885743
10078442,4080392,0,0,63,0.0,5.031002283179899,0.0,0.0,0.0,0.0,0.0,0.0,0.0
198486252,4080392,0,0,11,0.0,3.277613436819116,0.0,0.0,0.0,0.0,0.0,0.0,0.0
201918699,4080392,0,0,96,0.0,5.510199251869766,0.0,0.0,0.0,0.0,0.0,0.0,0.0
152062192,4080392,0,0,20,0.0,4.1219280948873624,0.0,0.0,0.0,0.0,0.0,0.0,0.0
49490162,4080392,0,0,57,2.180337381067571,5.72762685627,4.247927513443588,0.0,0.0,0.0,0.0,0.0,0.0
11249908,4080392,0,0,4,0.0,2.0,0.0,0.0,0.0,0.0,0.0,0.0,0.0
196413684,4080392,0,0,66,0.0,4.874316364591822,0.0,0.0,0.0,0.0,0.0,0.0,0.0
211347705,4080392,0,0,49,0.0,4.214641294439131,0.0,0.0,0.0,0.0,0.0,0.0,0.0
191064320,4080392,0,0,20,0.9182958340544896,4.084183719779189,2.584962500721156,0.0,0.0,0.0,0.0,0.0,0.0
193882380,4080392,0,0,108,0.0,5.620755495279779,1.0,0.0,0.0,0.0,0.0,0.0,0.0
196397329,4080392,0,0,16,0.0,4.0,0.0,0.0,0.0,0.0,0.0,0.0,0.0
197921058,4080392,0,0,36,0.0,5.003258334775643,0.0,0.0,0.0,0.0,0.0,0.0,0.0
188606758,4080392,0,0,26,0.8112781244591328,4.440636352673266,2.0,0.0,0.0,0.0,0.0,0.0,0.0
73550132,4080392,0,0,34,1.4466166676282082,4.888789679422001,3.169925001442312,0.0,0.0,0.0,0.0,0.0,0.0
4991287,4080392,0,0,14,1.950212064914747,3.6644977792004623,2.8073549220576046,0.0,0.0,0.0,0.0,0.0,0.0
158607672,4080392,0,0,2,0.0,1.0,0.0,0.0,0.0,0.0,0.0,0.0,0.0
12609850,4080392,0,0,14,0.0,3.6644977792004623,0.0,0.0,0.0,0.0,0.0,0.0,0.0
11430202,4080392,0,0,15,0.0,3.589898095464287,0.0,0.0,0.0,0.0,0.0,0.0,0.0
184027460,4080392,22,1,1,0.0,0.0,0.0,49.68181818181818,3.090909090909091,23.818181818181817,1.1250267040568045,3.5047545335708197,2.2304519855456983
193661252,4080392,0,0,44,0.0,5.41397707318275,0.0,0.0,0.0,0.0,0.0,0.0,0.0
26454342,4080392,33,2,17,2.413088436425758,3.969815782426811,3.459431618637298,45.484848484848484,2.8484848484848486,20.303030303030305,1.362558986155093,3.1340721070979143,2.136115000186369
13633862,4080392,16,1,13,1.7924812503605778,3.5465935642949384,2.584962500721156,48.1875,3.75,19.0625,1.1121796177599692,2.2999152964474217,1.716915225458497
200395085,4080392,0,0,5,0.0,2.321928094887362,0.0,0.0,0.0,0.0,0.0,0.0,0.0
192022863,4080392,0,0,30,0.0,4.386569246460625,0.0,0.0,0.0,0.0,0.0,0.0,0.0
50948432,4080392,0,0,6,1.0,2.584962500721156,1.0,0.0,0.0,0.0,0.0,0.0,0.0
183093586,4080392,0,0,3,0.0,1.584962500721156,0.0,0.0,0.0,0.0,0.0,0.0,0.0
198445403,4080392,0,0,15,0.0,3.4565647621309536,0.0,0.0,0.0,0.0,0.0,0.0,0.0
81545572,4080392,0,0,1,0.0,0.0,0.0,0.0,0.0,0.0,0.0,0.0,0.0
11512175,4080392,0,0,94,1.0,5.961243771775317,1.0,0.0,0.0,0.0,0.0,0.0,0.0
14362996,4080392,0,0,29,1.224394445405986,4.418157288156419,2.6416041678685933,0.0,0.0,0.0,0.0,0.0,0.0
88033652,4080392,0,0,2,0.0,1.0,0.0,0.0,0.0,0.0,0.0,0.0,0.0
70093172,4080392,0,0,17,0.0,3.8077635764171953,0.0,0.0,0.0,0.0,0.0,0.0,0.0
27101562,4080392,27,1,51,2.05632607578088,4.192290669397855,3.969815782426811,52.25925925925926,3.1481481481481484,16.703703703703702,1.4195008940910494,2.932576638663129,2.0055447312276424
188516731,4080392,0,0,42,0.0,5.106603137064476,1.9219280948873623,0.0,0.0,0.0,0.0,0.0,0.0
55839112,4080392,48,3,5,1.0,2.321928094887362,1.0,42.354166666666664,2.6875,19.0625,1.1186566124052197,2.8876049083239654,1.9171768372362221
11512202,4080392,0,0,23,0.0,4.229871195093384,0.0,0.0,0.0,0.0,0.0,0.0,0.0
211167631,4080392,0,0,32,0.0,4.515319531114783,0.0,0.0,0.0,0.0,0.0,0.0,0.0
6334866,4080392,14,1,2,0.0,1.0,0.0,64.07142857142857,4.857142857142857,21.857142857142858,1.1859239969355386,2.694912473092995,1.7620617229053674
19843481,4080392,0,0,128,2.3986042697151415,5.99425854047715,5.271928094887364,0.0,0.0,0.0,0.0,0.0,0.0
82225562,4080392,0,0,14,0.9182958340544896,3.8073549220576055,1.584962500721156,0.0,0.0,0.0,0.0,0.0,0.0
204491167,4080392,0,0,37,0.0,4.972834784489399,0.0,0.0,0.0,0.0,0.0,0.0,0.0
49383842,4080392,0,0,2,0.0,1.0,0.0,0.0,0.0,0.0,0.0,0.0,0.0
114010542,4080392,0,0,76,1.0529815751302694,6.037401197654117,3.906890595608518,0.0,0.0,0.0,0.0,0.0,0.0
18524591,4080392,0,0,18,0.0,4.058813890331201,1.0,0.0,0.0,0.0,0.0,0.0,0.0
7612849,4080392,0,0,20,0.0,4.1219280948873624,0.0,0.0,0.0,0.0,0.0,0.0,0.0
143280562,4080392,0,0,18,0.0,4.169925001442313,0.0,0.0,0.0,0.0,0.0,0.0,0.0
188303799,4080392,0,0,50,0.7219280948873623,5.348758439731458,2.321928094887362,0.0,0.0,0.0,0.0,0.0,0.0
211405240,4080392,0,0,8,0.0,3.0,0.0,0.0,0.0,0.0,0.0,0.0,0.0
197175742,4080392,0,0,60,0.0,5.315061012203069,0.0,0.0,0.0,0.0,0.0,0.0,0.0
214870463,4080392,0,0,16,0.0,2.771782221599798,0.0,0.0,0.0,0.0,0.0,0.0,0.0
190622144,4080392,0,0,39,1.0,3.9578525390977,1.0,0.0,0.0,0.0,0.0,0.0,0.0
185223617,4080392,18,1,1,0.0,0.0,0.0,60.0,4.166666666666667,15.666666666666666,1.0078747357503723,2.700298200253136,1.5539561444338794
205171138,4080392,0,0,43,0.0,4.291180212674801,0.0,0.0,0.0,0.0,0.0,0.0,0.0
168765902,4080392,0,0,6,0.0,2.584962500721156,0.0,0.0,0.0,0.0,0.0,0.0,0.0
33253842,4080392,0,0,72,0.0,5.352416614803458,0.0,0.0,0.0,0.0,0.0,0.0,0.0
189647323,4080392,0,0,41,0.0,5.211210541203448,0.0,0.0,0.0,0.0,0.0,0.0,0.0
210643419,4080392,0,0,16,0.0,3.25,0.0,0.0,0.0,0.0,0.0,0.0,0.0
211036641,4080392,0,0,35,0.0,4.786425874087821,0.0,0.0,0.0,0.0,0.0,0.0,0.0
198846946,4080392,0,0,6,0.0,2.584962500721156,0.0,0.0,0.0,0.0,0.0,0.0,0.0
11225574,4080392,0,0,16,0.0,4.0,1.0,0.0,0.0,0.0,0.0,0.0,0.0
70601192,4080392,0,0,2,0.0,1.0,0.0,0.0,0.0,0.0,0.0,0.0,0.0
146049512,4080392,0,0,14,1.5,3.8073549220576055,2.0,0.0,0.0,0.0,0.0,0.0,0.0
186288618,4080392,0,0,48,1.6589797521242056,5.119034834541987,4.08746284125034,0.0,0.0,0.0,0.0,0.0,0.0
10185199,4080392,0,0,45,2.5061440668531976,5.29730004072604,4.39231742277876,0.0,0.0,0.0,0.0,0.0,0.0
200813044,4080392,0,0,9,0.0,3.169925001442312,0.0,0.0,0.0,0.0,0.0,0.0,0.0
196774391,4080392,0,0,38,1.2516291673878228,4.984769618706746,2.584962500721156,0.0,0.0,0.0,0.0,0.0,0.0
212724216,4080392,0,0,7,0.0,2.8073549220576046,0.0,0.0,0.0,0.0,0.0,0.0,0.0
90745342,4080392,0,0,31,0.0,4.631615665225585,0.0,0.0,0.0,0.0,0.0,0.0,0.0
186673663,4080392,0,0,72,0.946372935985442,5.9477027792200925,3.8073549220576055,0.0,0.0,0.0,0.0,0.0,0.0
199109119,4080392,0,0,12,0.0,3.188721875540867,0.0,0.0,0.0,0.0,0.0,0.0,0.0
204663300,4080392,0,0,17,0.0,2.5580510765444577,0.0,0.0,0.0,0.0,0.0,0.0,0.0
185141772,4080392,0,0,39,0.0,4.782590924645919,0.0,0.0,0.0,0.0,0.0,0.0,0.0
171092492,4080392,0,0,29,0.0,4.224721409727563,0.0,0.0,0.0,0.0,0.0,0.0,0.0
191760914,4080392,0,0,10,0.0,3.121928094887362,0.0,0.0,0.0,0.0,0.0,0.0,0.0
76155412,4080392,0,0,22,0.0,4.368522527728205,0.0,0.0,0.0,0.0,0.0,0.0,0.0
210676249,4080392,0,0,44,0.0,4.550927790204637,0.0,0.0,0.0,0.0,0.0,0.0,0.0
51382812,4080392,0,0,7,1.584962500721156,2.8073549220576046,1.584962500721156,0.0,0.0,0.0,0.0,0.0,0.0
4287004,4080392,0,0,47,3.3502090290998976,4.720136065531391,4.169925001442313,0.0,0.0,0.0,0.0,0.0,0.0
138365472,4080392,0,0,4,0.0,2.0,0.0,0.0,0.0,0.0,0.0,0.0,0.0
207178272,4080392,0,0,20,0.0,4.321928094887363,0.0,0.0,0.0,0.0,0.0,0.0,0.0
56109612,4080392,24,1,2,0.0,1.0,0.0,54.75,3.4166666666666665,29.208333333333332,1.2714199547079537,3.27431689057333,2.128044759475532
10693166,4080392,0,0,20,0.0,3.821928094887362,0.0,0.0,0.0,0.0,0.0,0.0,0.0
210938417,4080392,0,0,54,0.0,4.773043983484694,0.0,0.0,0.0,0.0,0.0,0.0,0.0
6826557,4080392,14,1,1,0.0,0.0,0.0,64.07142857142857,4.857142857142857,21.928571428571427,1.1859239969355386,2.7663410445215666,1.7620617229053674
122587712,4080392,16,1,11,0.0,3.459431618637298,0.0,59.125,4.3125,40.0625,1.7408541798113388,3.9436007848519115,2.845175543476314
194914884,4080392,0,0,2,0.0,1.0,0.0,0.0,0.0,0.0,0.0,0.0,0.0
188680775,4080392,0,0,19,0.6500224216483541,4.142664355548851,2.584962500721156,0.0,0.0,0.0,0.0,0.0,0.0
189098583,4080392,0,0,4,0.0,2.0,0.0,0.0,0.0,0.0,0.0,0.0,0.0
10291803,4080392,0,0,188,0.0,6.125844322814633,0.0,0.0,0.0,0.0,0.0,0.0,0.0
148073052,4080392,0,0,128,1.6063100472030554,6.31602441389348,4.993391529870108,0.0,0.0,0.0,0.0,0.0,0.0
190196318,4080392,0,0,36,0.0,4.739097917988785,0.0,0.0,0.0,0.0,0.0,0.0,0.0
12036703,4080392,40,2,65,1.3954618442383218,5.125988389851682,4.221928094887362,45.325,2.675,25.65,1.2324916485614754,3.2822046560279077,2.0438071189450255
162433632,4080392,20,1,11,0.0,3.459431618637298,2.321928094887362,51.6,3.35,20.25,1.3035781652119733,3.1744312118437406,2.1453011894423146
69200482,4080392,20,1,11,1.3709505944546687,3.459431618637298,2.321928094887362,51.6,3.35,20.25,1.2350306354892397,3.1744312118437406,2.1453011894423146
3484262,4080392,0,0,7,1.0,2.8073549220576046,1.0,0.0,0.0,0.0,0.0,0.0,0.0
184003186,4080392,0,0,18,0.0,4.058813890331201,0.0,0.0,0.0,0.0,0.0,0.0,0.0
51186292,4080392,0,0,14,1.7924812503605778,3.52164063634332,2.2516291673878226,0.0,0.0,0.0,0.0,0.0,0.0
152808052,4080392,0,0,35,0.0,4.879143374026008,1.584962500721156,0.0,0.0,0.0,0.0,0.0,0.0
51309172,4080392,0,0,1,0.0,0.0,0.0,0.0,0.0,0.0,0.0,0.0,0.0
50440822,4080392,0,0,24,1.5,4.251629167387823,2.0,0.0,0.0,0.0,0.0,0.0,0.0
86968962,4080392,0,0,47,1.0,4.5747218771029505,1.0,0.0,0.0,0.0,0.0,0.0,0.0
187493000,4080392,0,0,24,0.0,4.584962500721156,0.0,0.0,0.0,0.0,0.0,0.0,0.0
80718472,4080392,0,0,65,1.3709505944546687,5.462913536465376,2.321928094887362,0.0,0.0,0.0,0.0,0.0,0.0
14379659,4080392,27,1,9,1.584962500721156,2.94770277922009,1.584962500721156,52.25925925925926,3.1481481481481484,18.25925925925926,1.436958804278446,2.9786724864474907,2.0938726305500746
176376462,4080392,24,1,1,0.0,0.0,0.0,54.75,3.4166666666666665,29.25,1.2714199547079537,3.315983557239997,2.128044759475532
202754704,4080392,0,0,74,0.0,5.340011522012231,0.0,0.0,0.0,0.0,0.0,0.0,0.0
2558612,4080392,0,0,19,1.9219280948873623,4.142664355548851,2.321928094887362,0.0,0.0,0.0,0.0,0.0,0.0
192932502,4080392,0,0,7,0.0,2.8073549220576046,2.0,0.0,0.0,0.0,0.0,0.0,0.0
1936023,4080392,0,0,40,3.2903216092483056,5.171928094887363,4.523561956057013,0.0,0.0,0.0,0.0,0.0,0.0
193677976,4080392,0,0,9,0.0,3.169925001442312,0.0,0.0,0.0,0.0,0.0,0.0,0.0
12790423,4080392,0,0,5,0.0,2.321928094887362,0.0,0.0,0.0,0.0,0.0,0.0,0.0
174049952,4080392,0,0,68,0.6840384356390417,5.852168723603285,3.459431618637298,0.0,0.0,0.0,0.0,0.0,0.0
110357152,4080392,0,0,8,0.0,3.0,0.0,0.0,0.0,0.0,0.0,0.0,0.0
187820705,4080392,0,0,48,1.5,5.293295834054493,2.0,0.0,0.0,0.0,0.0,0.0,0.0
216140453,4080392,0,0,2,0.0,1.0,0.0,0.0,0.0,0.0,0.0,0.0,0.0
188918449,4080392,0,0,57,0.0,5.02492952635754,0.0,0.0,0.0,0.0,0.0,0.0,0.0
190646967,4080392,0,0,12,0.0,3.584962500721156,0.0,0.0,0.0,0.0,0.0,0.0,0.0
9325259,4080392,16,1,71,2.4949188482339504,4.76225291820326,4.368522527728205,59.125,4.3125,36.3125,1.584921751796717,3.8621744536290388,2.5721428854933013
79866572,4080392,0,0,13,0.0,3.334679141051595,0.0,0.0,0.0,0.0,0.0,0.0,0.0
206678734,4080392,0,0,11,0.0,2.7321588913645707,0.0,0.0,0.0,0.0,0.0,0.0,0.0
1960662,4080392,0,0,4,0.0,2.0,0.0,0.0,0.0,0.0,0.0,0.0,0.0
13331159,4080392,0,0,17,0.0,3.4992275471326932,0.0,0.0,0.0,0.0,0.0,0.0,0.0
6949592,4080392,0,0,15,0.0,3.906890595608518,0.0,0.0,0.0,0.0,0.0,0.0,0.0
209029847,4080392,0,0,13,0.0,3.5465935642949384,0.0,0.0,0.0,0.0,0.0,0.0,0.0
201190105,4080392,0,0,23,0.0,4.142914673354254,0.0,0.0,0.0,0.0,0.0,0.0,0.0
191040219,4080392,0,0,23,0.0,4.523561956057013,0.0,0.0,0.0,0.0,0.0,0.0,0.0
25856732,4080392,0,0,31,0.0,4.889680181354619,0.0,0.0,0.0,0.0,0.0,0.0,0.0
214264547,4080392,0,0,29,0.0,3.874211167093752,0.0,0.0,0.0,0.0,0.0,0.0,0.0
191548133,4080392,0,0,79,1.0,6.082138026603347,1.0,0.0,0.0,0.0,0.0,0.0,0.0
60058342,4080392,0,0,25,1.6577427265048887,4.5638561897747225,3.169925001442312,0.0,0.0,0.0,0.0,0.0,0.0
126773992,4080392,0,0,55,0.0,4.674803280106518,0.0,0.0,0.0,0.0,0.0,0.0,0.0
209988329,4080392,0,0,40,0.0,4.146439344671014,0.0,0.0,0.0,0.0,0.0,0.0,0.0
191482607,4080392,0,0,27,0.0,4.458591205867174,0.0,0.0,0.0,0.0,0.0,0.0,0.0
87296752,4080392,0,0,19,0.0,4.247927513443588,0.0,0.0,0.0,0.0,0.0,0.0,0.0
3238646,4080392,0,0,14,3.0,3.52164063634332,3.0,0.0,0.0,0.0,0.0,0.0,0.0
12864250,4080392,0,0,21,1.2516291673878228,3.916126946588283,2.584962500721156,0.0,0.0,0.0,0.0,0.0,0.0
183184124,4080392,0,0,12,1.9219280948873623,3.584962500721156,2.321928094887362,0.0,0.0,0.0,0.0,0.0,0.0
183601917,4080392,0,0,19,0.0,4.247927513443588,0.0,0.0,0.0,0.0,0.0,0.0,0.0
186682114,4080392,0,0,17,0.0,3.969815782426811,0.0,0.0,0.0,0.0,0.0,0.0,0.0
195275534,4080392,0,0,30,0.0,4.681727678869737,1.0,0.0,0.0,0.0,0.0,0.0,0.0
4205340,4080392,0,0,314,2.6080749448776412,6.907377916530706,6.037071063166649,0.0,0.0,0.0,0.0,0.0,0.0
198265636,4080392,0,0,92,0.0,5.833238314705641,0.0,0.0,0.0,0.0,0.0,0.0,0.0
127241002,4080392,0,0,45,0.0,5.252855596281599,0.0,0.0,0.0,0.0,0.0,0.0,0.0
189885227,4080392,0,0,33,0.0,4.6578823768686535,1.0,0.0,0.0,0.0,0.0,0.0,0.0
202230574,4080392,0,0,38,0.0,4.859641000228759,0.0,0.0,0.0,0.0,0.0,0.0,0.0
12897086,4080392,0,0,142,0.0,5.399576612187161,0.0,0.0,0.0,0.0,0.0,0.0,0.0
16264011,4080392,9,1,15,1.3709505944546687,3.906890595608518,2.321928094887362,46.77777777777778,4.222222222222222,9.11111111111111,1.252738498295288,2.6477098583096486,1.9365034702168709
34098002,4080392,24,1,4,1.0,2.0,1.0,54.75,3.4166666666666665,29.125,1.229753288041287,3.2326502239066635,2.0863780928088653
206670700,4080392,0,0,3,0.0,1.584962500721156,0.0,0.0,0.0,0.0,0.0,0.0,0.0
185191279,4080392,0,0,27,1.8423709931771088,4.754887502163471,2.5216406363433186,0.0,0.0,0.0,0.0,0.0,0.0
4410229,4080392,0,0,18,1.5487949406953985,3.905764584655453,3.0,0.0,0.0,0.0,0.0,0.0,0.0
214436727,4080392,0,0,6,0.0,2.584962500721156,0.0,0.0,0.0,0.0,0.0,0.0,0.0
211291005,4080392,0,0,1,0.0,0.0,0.0,0.0,0.0,0.0,0.0,0.0,0.0
101174142,4080392,9,1,2,0.0,1.0,1.0,57.22222222222222,5.111111111111111,17.444444444444443,1.5357240023330745,3.321971355308215,2.226206838411272
14134149,4080392,16,1,12,0.8112781244591328,3.584962500721156,2.0,59.125,4.3125,40.0,1.690149297032643,3.93575510472167,2.720175543476314
155085702,4080392,0,0,56,0.9182958340544896,5.264383994261774,1.584962500721156,0.0,0.0,0.0,0.0,0.0,0.0
3681164,4080392,11,1,7,1.584962500721156,2.128085278891395,1.584962500721156,45.27272727272727,3.909090909090909,12.909090909090908,0.8892654711190857,2.8075746776416155,1.7240531029265496
34171792,4080392,0,0,27,1.8073549220576044,4.606739354015323,3.6644977792004623,0.0,0.0,0.0,0.0,0.0,0.0
94481302,4080392,0,0,6,1.584962500721156,2.584962500721156,1.584962500721156,0.0,0.0,0.0,0.0,0.0,0.0
210873239,4080392,0,0,48,0.0,4.432817315121022,0.0,0.0,0.0,0.0,0.0,0.0,0.0
197921690,4080392,0,0,18,0.0,4.058813890331201,0.0,0.0,0.0,0.0,0.0,0.0,0.0
206621594,4080392,0,0,18,0.0,2.473851389610045,0.0,0.0,0.0,0.0,0.0,0.0,0.0
104467362,4080392,0,0,69,3.2741433380975278,5.952656521964202,5.044394119358456,0.0,0.0,0.0,0.0,0.0,0.0
11553699,4080392,11,1,10,0.0,3.321928094887362,1.0,45.27272727272727,3.909090909090909,12.636363636363637,1.0333529711846454,2.6990435125510728,1.7772315120830184
184871845,4080392,0,0,1,0.0,0.0,0.0,0.0,0.0,0.0,0.0,0.0,0.0
192744359,4080392,0,0,14,0.0,3.8073549220576055,0.0,0.0,0.0,0.0,0.0,0.0,0.0
186854313,4080392,0,0,6,0.0,2.2516291673878226,1.0,0.0,0.0,0.0,0.0,0.0,0.0
9046963,4080392,16,2,9,2.0,3.169925001442312,2.0,51.25,4.375,25.375,1.518523496586477,3.3759232610730794,2.392816587135094
10931125,4080392,67,5,51,1.5,5.2262510772231945,2.0,35.776119402985074,2.3134328358208953,15.477611940298507,1.2762587598869457,2.6669281632263773,1.9115602103457958
192105397,4080392,0,0,18,0.0,4.169925001442313,0.0,0.0,0.0,0.0,0.0,0.0,0.0
72616892,4080392,0,0,33,2.0,4.631980771648249,2.0,0.0,0.0,0.0,0.0,0.0,0.0
207317955,4080392,0,0,10,0.0,2.1609640474436813,0.0,0.0,0.0,0.0,0.0,0.0,0.0
95882192,4080392,18,1,7,0.0,2.8073549220576046,1.0,60.0,4.166666666666667,15.333333333333334,1.0078747357503723,2.5443340379166024,1.4984005888783238
188935123,4080392,0,0,8,0.0,3.0,0.0,0.0,0.0,0.0,0.0,0.0,0.0
188042196,4080392,0,0,26,0.9182958340544896,4.315824333525707,1.584962500721156,0.0,0.0,0.0,0.0,0.0,0.0
109366232,4080392,0,0,3,0.0,1.584962500721156,0.0,0.0,0.0,0.0,0.0,0.0,0.0
213756888,4080392,0,0,24,0.0,3.200825794518089,0.0,0.0,0.0,0.0,0.0,0.0,0.0
10177498,4080392,0,0,16,1.0,4.0,1.0,0.0,0.0,0.0,0.0,0.0,0.0
216378328,4080392,0,0,55,0.0,4.520300687410271,0.0,0.0,0.0,0.0,0.0,0.0,0.0
135031772,4080392,0,0,28,1.0957952550009338,4.208966082694623,3.2776134368191165,0.0,0.0,0.0,0.0,0.0,0.0
98077662,4080392,0,0,118,1.5,6.038849562791523,2.0,0.0,0.0,0.0,0.0,0.0,0.0
140790752,4080392,0,0,72,1.49692754611459,5.417994925228182,4.08746284125034,0.0,0.0,0.0,0.0,0.0,0.0
129133542,4080392,0,0,21,0.0,3.916126946588283,0.0,0.0,0.0,0.0,0.0,0.0,0.0
74804202,4080392,0,0,2,0.0,1.0,0.0,0.0,0.0,0.0,0.0,0.0,0.0
192277491,4080392,0,0,67,0.0,5.632961578388308,0.0,0.0,0.0,0.0,0.0,0.0,0.0
113396732,4080392,0,0,34,0.6500224216483541,3.9927781074599378,2.584962500721156,0.0,0.0,0.0,0.0,0.0,0.0
183061504,4080392,0,0,35,0.0,5.072140159802107,0.0,0.0,0.0,0.0,0.0,0.0,0.0
204033025,4080392,0,0,30,0.0,4.589898095464288,0.0,0.0,0.0,0.0,0.0,0.0,0.0
72076292,4080392,0,0,22,0.0,4.243300368538955,0.0,0.0,0.0,0.0,0.0,0.0,0.0
198806534,4080392,0,0,45,0.0,5.180741985218563,0.0,0.0,0.0,0.0,0.0,0.0,0.0
165669902,4080392,0,0,1,0.0,0.0,0.0,0.0,0.0,0.0,0.0,0.0,0.0
213552144,4080392,0,0,31,0.0,4.300497519854926,0.0,0.0,0.0,0.0,0.0,0.0,0.0
11250705,4080392,0,0,71,0.0,5.903130570147961,1.584962500721156,0.0,0.0,0.0,0.0,0.0,0.0
13265943,4080392,0,0,17,0.0,3.969815782426811,1.584962500721156,0.0,0.0,0.0,0.0,0.0,0.0
216116247,4080392,0,0,17,0.0,3.4045428133422924,0.0,0.0,0.0,0.0,0.0,0.0,0.0
184855579,4080392,0,0,50,0.0,5.363856189774728,1.0,0.0,0.0,0.0,0.0,0.0,0.0
39939102,4080392,17,1,3,0.0,1.584962500721156,1.0,50.411764705882355,3.9411764705882355,66.82352941176471,2.0824139274033415,3.201747814370096,2.927269964354884
199429152,4080392,0,0,26,0.0,4.209867121904035,0.0,0.0,0.0,0.0,0.0,0.0,0.0
203066405,4080392,0,0,40,0.0,4.615311532225102,0.0,0.0,0.0,0.0,0.0,0.0,0.0
192867369,4080392,0,0,11,0.0,3.459431618637298,0.0,0.0,0.0,0.0,0.0,0.0,0.0
198052906,4080392,0,0,1,0.0,0.0,0.0,0.0,0.0,0.0,0.0,0.0,0.0
207604778,4080392,0,0,6,0.0,2.584962500721156,0.0,0.0,0.0,0.0,0.0,0.0,0.0
58272812,4080392,16,1,1,0.0,0.0,0.0,48.1875,3.75,19.8125,1.2242096959075053,2.521577394215855,1.878475381753569
114895922,4080392,0,0,31,1.9182958340544893,4.50258340716107,2.584962500721156,0.0,0.0,0.0,0.0,0.0,0.0
54774842,4080392,0,0,58,1.1897319168207328,5.336176469153598,4.142664355548851,0.0,0.0,0.0,0.0,0.0,0.0
196627515,4080392,0,0,20,0.0,4.321928094887363,0.0,0.0,0.0,0.0,0.0,0.0,0.0
12250188,4080392,0,0,52,2.309795458648779,5.508132025833403,4.923181998146335,0.0,0.0,0.0,0.0,0.0,0.0
197643344,4080392,0,0,36,0.0,4.593400348604437,0.0,0.0,0.0,0.0,0.0,0.0,0.0
137874522,4080392,16,1,1,0.0,0.0,0.0,48.1875,3.75,19.8125,1.2242096959075053,2.521577394215855,1.878475381753569
213527647,4080392,0,0,7,0.0,2.5216406363433186,0.0,0.0,0.0,0.0,0.0,0.0,0.0
48868452,4080392,24,1,2,1.0,1.0,1.0,59.416666666666664,3.7083333333333335,19.375,1.43412312981011,3.3219201096559257,2.1304804217984894
67890282,4080392,0,0,41,0.0,5.16243005339857,0.0,0.0,0.0,0.0,0.0,0.0,0.0
9563244,4080392,0,0,57,1.949137865273585,5.657451417673509,4.169925001442313,0.0,0.0,0.0,0.0,0.0,0.0
163810412,4080392,0,0,40,1.0,4.3205843997621045,1.0,0.0,0.0,0.0,0.0,0.0,0.0
126528622,4080392,0,0,11,1.0,3.277613436819116,1.0,0.0,0.0,0.0,0.0,0.0,0.0
1707126,4080392,0,0,34,3.3211043305784917,4.432619826353562,4.247927513443588,0.0,0.0,0.0,0.0,0.0,0.0
189484154,4080392,0,0,19,0.0,4.247927513443588,0.0,0.0,0.0,0.0,0.0,0.0,0.0
213101693,4080392,0,0,34,0.0,3.5197284615795605,0.0,0.0,0.0,0.0,0.0,0.0,0.0
756863,4080392,0,0,28,1.4466166676282082,4.66449777920046,3.169925001442312,0.0,0.0,0.0,0.0,0.0,0.0
127593602,4080392,39,2,1,0.0,0.0,0.0,46.35897435897436,2.8205128205128207,21.743589743589745,1.0323867795388657,3.01313629609832,1.8087745448010866
150482052,4080392,0,0,44,0.0,5.215002357224491,1.584962500721156,0.0,0.0,0.0,0.0,0.0,0.0
13175942,4080392,0,0,18,2.1867043459100244,4.169925001442313,3.459431618637298,0.0,0.0,0.0,0.0,0.0,0.0
135105672,4080392,0,0,9,0.0,3.169925001442312,0.0,0.0,0.0,0.0,0.0,0.0,0.0
187640972,4080392,0,0,1,0.0,0.0,0.0,0.0,0.0,0.0,0.0,0.0,0.0
185715857,4080392,0,0,14,0.0,3.6644977792004623,0.0,0.0,0.0,0.0,0.0,0.0,0.0
51874962,4080392,0,0,4,1.584962500721156,2.0,1.584962500721156,0.0,0.0,0.0,0.0,0.0,0.0
215837841,4080392,0,0,45,0.0,4.5417444851704865,0.0,0.0,0.0,0.0,0.0,0.0,0.0
193293465,4080392,0,0,17,1.0,3.969815782426811,1.0,0.0,0.0,0.0,0.0,0.0,0.0
203312283,4080392,0,0,18,0.0,4.058813890331201,0.0,0.0,0.0,0.0,0.0,0.0,0.0
4893859,4080392,16,1,15,0.9182958340544896,3.906890595608518,1.584962500721156,57.375,4.1875,33.375,1.8139381846216867,3.844314687191564,2.749612815219271
7425191,4080392,24,1,14,1.6854752972273344,3.3248629576173574,3.121928094887362,54.75,3.4166666666666665,28.708333333333332,1.2011918173234812,3.1774476006726062,1.9979644221885586
196529328,4080392,0,0,24,0.0,4.053508854797679,0.0,0.0,0.0,0.0,0.0,0.0,0.0
135548082,4080392,16,1,1,0.0,0.0,0.0,48.1875,3.75,19.8125,1.2242096959075053,2.521577394215855,1.878475381753569
200608946,4080392,0,0,17,0.0,3.8077635764171953,0.0,0.0,0.0,0.0,0.0,0.0,0.0
205778109,4080392,0,0,14,0.0,3.8073549220576055,0.0,0.0,0.0,0.0,0.0,0.0,0.0
184528064,4080392,0,0,75,0.0,5.743958317474549,0.0,0.0,0.0,0.0,0.0,0.0,0.0
202345674,4080392,0,0,24,0.0,3.938721875540868,0.0,0.0,0.0,0.0,0.0,0.0,0.0
155798732,4080392,0,0,1,0.0,0.0,0.0,0.0,0.0,0.0,0.0,0.0,0.0
182676685,4080392,0,0,16,0.0,3.5,0.0,0.0,0.0,0.0,0.0,0.0,0.0
197029072,4080392,0,0,80,0.0,5.748499307625769,0.0,0.0,0.0,0.0,0.0,0.0,0.0
205434070,4080392,0,0,42,0.0,4.009987508231858,0.0,0.0,0.0,0.0,0.0,0.0,0.0
87624922,4080392,0,0,48,2.939572261986723,4.871115365169275,4.906890595608519,0.0,0.0,0.0,0.0,0.0,0.0
183119071,4080392,0,0,65,0.0,5.826138774533635,0.0,0.0,0.0,0.0,0.0,0.0,0.0
18984161,4080392,0,0,2,0.0,1.0,0.0,0.0,0.0,0.0,0.0,0.0,0.0
7040228,4080392,0,0,30,0.0,4.640223928941852,0.0,0.0,0.0,0.0,0.0,0.0,0.0
4025573,4080392,0,0,344,1.3032782651297383,6.500607370699263,4.6808134280893965,0.0,0.0,0.0,0.0,0.0,0.0
195112168,4080392,0,0,92,0.0,5.216818502146637,0.0,0.0,0.0,0.0,0.0,0.0,0.0
188484843,4080392,0,0,12,0.0,3.584962500721156,0.0,0.0,0.0,0.0,0.0,0.0,0.0
194686191,4080392,0,0,7,0.0,2.8073549220576046,1.584962500721156,0.0,0.0,0.0,0.0,0.0,0.0
194358512,4080392,0,0,29,0.0,4.789015477886192,0.0,0.0,0.0,0.0,0.0,0.0,0.0
75697392,4080392,0,0,72,0.0,5.603884897245599,1.9219280948873623,0.0,0.0,0.0,0.0,0.0,0.0
111283442,4080392,0,0,10,0.0,3.321928094887362,0.0,0.0,0.0,0.0,0.0,0.0,0.0
203574521,4080392,0,0,59,0.0,4.696202371395736,0.0,0.0,0.0,0.0,0.0,0.0,0.0
14273786,4080392,0,0,15,1.8423709931771088,3.906890595608518,2.8073549220576046,0.0,0.0,0.0,0.0,0.0,0.0
115125512,4080392,0,0,22,1.75,4.1523912776298655,3.0,0.0,0.0,0.0,0.0,0.0,0.0
211471624,4080392,0,0,31,0.0,4.050970503935262,0.0,0.0,0.0,0.0,0.0,0.0,0.0
58412302,4080392,18,1,10,1.9219280948873623,3.321928094887362,2.321928094887362,64.0,4.388888888888889,50.611111111111114,1.5318694618923026,3.497784861604346,2.528547890721376
8629522,4080392,0,0,26,2.3158243335257076,4.623516641218015,3.546593564294939,0.0,0.0,0.0,0.0,0.0,0.0
10079511,4080392,0,0,26,0.5916727785823275,4.623516641218014,2.8073549220576046,0.0,0.0,0.0,0.0,0.0,0.0
183586072,4080392,0,0,47,1.0,5.384376085720193,1.0,0.0,0.0,0.0,0.0,0.0,0.0
10693913,4080392,0,0,47,1.3709505944546687,3.9150431064444096,2.321928094887362,0.0,0.0,0.0,0.0,0.0,0.0
101248282,4080392,0,0,5,1.0,2.321928094887362,1.0,0.0,0.0,0.0,0.0,0.0,0.0
187796763,4080392,0,0,83,0.0,6.23046111809392,0.0,0.0,0.0,0.0,0.0,0.0,0.0
215354652,4080392,0,0,16,0.0,3.577819531114783,0.0,0.0,0.0,0.0,0.0,0.0,0.0
95882532,4080392,0,0,1,0.0,0.0,0.0,0.0,0.0,0.0,0.0,0.0,0.0
200092966,4080392,0,0,22,0.0,4.368522527728205,0.0,0.0,0.0,0.0,0.0,0.0,0.0
27757862,4080392,0,0,15,0.0,3.5898980954642865,0.0,0.0,0.0,0.0,0.0,0.0,0.0
13929773,4080392,0,0,22,1.0,4.277613436819114,1.0,0.0,0.0,0.0,0.0,0.0,0.0
186256688,4080392,0,0,6,1.584962500721156,2.584962500721156,1.584962500721156,0.0,0.0,0.0,0.0,0.0,0.0
192220469,4080392,0,0,17,0.0,4.08746284125034,0.0,0.0,0.0,0.0,0.0,0.0,0.0
147328312,4080392,0,0,10,0.0,3.321928094887362,0.0,0.0,0.0,0.0,0.0,0.0,0.0
208579900,4080392,0,0,24,0.0,3.200825794518089,0.0,0.0,0.0,0.0,0.0,0.0,0.0
110234942,4080392,0,0,35,1.7924812503605778,4.453526318247729,2.584962500721156,0.0,0.0,0.0,0.0,0.0,0.0
101625152,4080392,0,0,5,0.0,2.321928094887362,1.0,0.0,0.0,0.0,0.0,0.0,0.0
200551752,4080392,0,0,41,0.0,5.046457187492145,0.0,0.0,0.0,0.0,0.0,0.0,0.0
59600202,4080392,0,0,18,0.0,4.169925001442313,0.0,0.0,0.0,0.0,0.0,0.0,0.0
205008203,4080392,0,0,19,0.0,3.8924071185928786,0.0,0.0,0.0,0.0,0.0,0.0,0.0
165055822,4080392,0,0,27,0.8112781244591328,4.6808134280893965,2.0,0.0,0.0,0.0,0.0,0.0,0.0
198634836,4080392,0,0,7,0.0,2.8073549220576046,0.0,0.0,0.0,0.0,0.0,0.0,0.0
39873882,4080392,0,0,43,2.549523459597832,5.054171731446284,3.8073549220576055,0.0,0.0,0.0,0.0,0.0,0.0
207981919,4080392,0,0,30,0.0,4.453235913127291,0.0,0.0,0.0,0.0,0.0,0.0,0.0
72371552,4080392,16,1,15,1.9508257945180887,3.906890595608518,3.584962500721156,48.1875,3.75,18.9375,1.1022830837501247,2.277396731990323,1.654415225458497
212086111,4080392,0,0,28,0.0,3.7170218858797175,0.0,0.0,0.0,0.0,0.0,0.0,0.0
5016937,4080392,42,2,13,0.9709505944546686,3.7004397181410926,2.321928094887362,45.904761904761905,2.761904761904762,22.30952380952381,1.1876746676154195,3.0738322834193093,1.975064075445958
10079593,4080392,0,0,3,0.0,1.584962500721156,0.0,0.0,0.0,0.0,0.0,0.0,0.0
11586923,4080392,0,0,1,0.0,0.0,0.0,0.0,0.0,0.0,0.0,0.0,0.0
194170241,4080392,0,0,75,0.0,5.702021690438194,0.0,0.0,0.0,0.0,0.0,0.0,0.0
106712452,4080392,31,2,18,0.0,4.169925001442313,0.0,47.67741935483871,3.096774193548387,28.161290322580644,1.3200597455716536,3.2656744050534763,2.302071256298851
192736661,4080392,27,1,19,0.0,4.247927513443588,2.0,46.18518518518518,2.4814814814814814,31.11111111111111,1.365423598789789,3.7718916415145647,2.446256202342367
56233372,4080392,0,0,69,2.038159681645953,5.185866655626759,3.7004397181410926,0.0,0.0,0.0,0.0,0.0,0.0
198397351,4080392,0,0,38,0.0,4.83977553964551,0.0,0.0,0.0,0.0,0.0,0.0,0.0
189869482,4080392,0,0,35,0.0,4.957854445516393,0.0,0.0,0.0,0.0,0.0,0.0,0.0
14290359,4080392,0,0,28,1.8423709931771088,4.66449777920046,2.8073549220576046,0.0,0.0,0.0,0.0,0.0,0.0
91295162,4080392,0,0,39,1.0,4.958353821370877,1.0,0.0,0.0,0.0,0.0,0.0,0.0
203533758,4080392,0,0,44,0.0,5.169547811769944,0.0,0.0,0.0,0.0,0.0,0.0,0.0
37268932,4080392,0,0,40,0.9182958340544896,4.201712212208017,2.584962500721156,0.0,0.0,0.0,0.0,0.0,0.0
64990662,4080392,27,1,10,1.2516291673878228,3.321928094887362,2.584962500721156,52.25925925925926,3.1481481481481484,18.22222222222222,1.4493044832907922,2.9648122895709252,2.0568355935130374
11292104,4080392,0,0,10,2.0,3.321928094887362,2.0,0.0,0.0,0.0,0.0,0.0,0.0
201649608,4080392,0,0,58,0.0,5.336176469153598,0.0,0.0,0.0,0.0,0.0,0.0,0.0
176475602,4080392,0,0,22,0.0,4.061482186720775,0.0,0.0,0.0,0.0,0.0,0.0,0.0
206851541,4080392,0,0,28,0.0,4.378783493486175,0.0,0.0,0.0,0.0,0.0,0.0,0.0
124177882,4080392,27,1,2,0.0,1.0,1.0,52.25925925925926,3.1481481481481484,18.51851851851852,1.4956611191199707,3.0508096264186046,2.1155379083545616
157683162,4080392,0,0,33,0.0,4.900306619292897,0.0,0.0,0.0,0.0,0.0,0.0,0.0
511457,4080392,16,1,2,0.0,1.0,1.0,53.625,4.0625,18.25,1.2791133958254808,2.8317431138908367,1.950113970496953
9006562,4080392,17,1,3,1.584962500721156,1.584962500721156,1.584962500721156,50.411764705882355,3.9411764705882355,66.82352941176471,1.9891808391256263,3.2017478143700955,2.8928604054889333
201944546,4080392,0,0,34,0.0,4.572469458770135,0.0,0.0,0.0,0.0,0.0,0.0,0.0
202575336,4080392,0,0,46,0.0,4.549461188509756,0.0,0.0,0.0,0.0,0.0,0.0,0.0
214838763,4080392,0,0,28,0.0,3.717021885879718,0.0,0.0,0.0,0.0,0.0,0.0,0.0
133910002,4080392,0,0,5,0.0,2.321928094887362,0.0,0.0,0.0,0.0,0.0,0.0,0.0
193777143,4080392,0,0,18,0.0,4.058813890331201,0.0,0.0,0.0,0.0,0.0,0.0,0.0
211250686,4080392,0,0,40,0.0,4.665311532225103,0.0,0.0,0.0,0.0,0.0,0.0,0.0
200887812,4080392,0,0,4,0.0,2.0,0.0,0.0,0.0,0.0,0.0,0.0,0.0
42733062,4080392,0,0,25,0.0,4.373660689688185,0.0,0.0,0.0,0.0,0.0,0.0,0.0
184921607,4080392,0,0,1,0.0,0.0,0.0,0.0,0.0,0.0,0.0,0.0,0.0
183324169,4080392,0,0,64,1.0,5.663909765557392,1.0,0.0,0.0,0.0,0.0,0.0,0.0
192286220,4080392,0,0,32,0.0,4.4375,0.0,0.0,0.0,0.0,0.0,0.0,0.0
181292562,4080392,0,0,39,0.9182958340544896,5.060917923934979,1.584962500721156,0.0,0.0,0.0,0.0,0.0,0.0
10153491,4080392,0,0,69,1.9709505944546686,5.905625906053526,4.321928094887363,0.0,0.0,0.0,0.0,0.0,0.0
201371155,4080392,0,0,21,0.0,4.070656113151927,0.0,0.0,0.0,0.0,0.0,0.0,0.0
15592981,4080392,0,0,2,0.0,1.0,0.0,0.0,0.0,0.0,0.0,0.0,0.0
12914201,4080392,0,0,51,2.054585169337799,4.735671665288806,3.584962500721156,0.0,0.0,0.0,0.0,0.0,0.0
2936352,4080392,0,0,55,3.5777471629109447,5.563177895342838,4.906890595608519,0.0,0.0,0.0,0.0,0.0,0.0
38284832,4080392,0,0,1,0.0,0.0,0.0,0.0,0.0,0.0,0.0,0.0,0.0
155553312,4080392,0,0,44,0.8812908992306927,5.0048861640918405,3.321928094887362,0.0,0.0,0.0,0.0,0.0,0.0
190582319,4080392,27,1,36,0.0,5.058813890331199,0.0,46.18518518518518,2.4814814814814814,30.48148148148148,1.365423598789789,3.7418588127409493,2.5203302764164413
189713969,4080392,0,0,23,0.0,4.436605434317882,0.0,0.0,0.0,0.0,0.0,0.0,0.0
2190902,4080392,20,1,25,1.8112781244591327,4.323856189774724,2.75,51.6,3.35,19.55,1.2130142589890165,3.1312099832868694,2.1238975941866824
193785400,4080392,0,0,15,0.9182958340544896,3.906890595608518,1.584962500721156,0.0,0.0,0.0,0.0,0.0,0.0
211938873,4080392,0,0,37,0.0,3.6726802889263106,0.0,0.0,0.0,0.0,0.0,0.0,0.0
184192572,4080392,0,0,39,0.0,5.182838116298145,0.0,0.0,0.0,0.0,0.0,0.0,0.0
12045890,4080392,16,1,1,0.0,0.0,0.0,48.1875,3.75,19.8125,1.2242096959075053,2.521577394215855,1.878475381753569
140611142,4080392,0,0,16,0.0,3.702819531114783,0.0,0.0,0.0,0.0,0.0,0.0,0.0
12643917,4080392,0,0,29,0.0,4.254195650150781,0.0,0.0,0.0,0.0,0.0,0.0,0.0
204377683,4080392,0,0,14,0.0,3.8073549220576055,0.0,0.0,0.0,0.0,0.0,0.0,0.0
214953562,4080392,0,0,68,0.0,4.311039128140416,0.0,0.0,0.0,0.0,0.0,0.0,0.0
11931228,4080392,20,1,19,1.7709505944546688,4.247927513443588,3.321928094887362,57.15,3.9,17.45,1.2588614924928223,2.716169533896342,1.841473115218303
3321438,4080392,0,0,7,1.5,2.8073549220576046,2.0,0.0,0.0,0.0,0.0,0.0,0.0
36671072,4080392,18,1,9,0.0,2.94770277922009,1.0,60.0,4.166666666666667,15.222222222222221,1.0078747357503723,2.5365369347409086,1.4984005888783238
189517414,4080392,0,0,29,0.0,4.789015477886192,0.0,0.0,0.0,0.0,0.0,0.0,0.0
96300652,4080392,0,0,1,0.0,0.0,0.0,0.0,0.0,0.0,0.0,0.0,0.0
183930478,4080392,0,0,42,1.584962500721156,5.183867720346298,1.584962500721156,0.0,0.0,0.0,0.0,0.0,0.0
183275128,4080392,0,0,49,0.0,5.45144453799276,1.584962500721156,0.0,0.0,0.0,0.0,0.0,0.0
188264063,4080392,0,0,41,0.0,5.308771516813204,1.0,0.0,0.0,0.0,0.0,0.0,0.0
157453952,4080392,0,0,19,0.0,3.6368938042627024,0.0,0.0,0.0,0.0,0.0,0.0,0.0
61312642,4080392,20,1,68,2.349191770915039,6.028639311838581,4.857980995127571,50.75,3.7,18.55,1.318451015937376,2.658758215949939,1.8180126445277864
10219140,4080392,0,0,22,2.0,3.754441845713344,3.0,0.0,0.0,0.0,0.0,0.0,0.0
181759622,4080392,0,0,5,0.0,2.321928094887362,1.0,0.0,0.0,0.0,0.0,0.0,0.0
19418761,4080392,0,0,10,1.5,3.121928094887362,2.0,0.0,0.0,0.0,0.0,0.0,0.0
185880206,4080392,0,0,27,0.0,4.606739354015322,2.8073549220576046,0.0,0.0,0.0,0.0,0.0,0.0
200339096,4080392,0,0,29,0.0,4.789015477886192,0.0,0.0,0.0,0.0,0.0,0.0,0.0
14683801,4080392,0,0,45,1.584962500721156,5.280524762900186,1.584962500721156,0.0,0.0,0.0,0.0,0.0,0.0
187920026,4080392,0,0,87,0.0,5.793181139377681,0.0,0.0,0.0,0.0,0.0,0.0,0.0
44674722,4080392,51,4,5,2.0,2.321928094887362,2.0,33.627450980392155,2.392156862745098,33.588235294117645,1.4551232832003098,2.8529491334901187,2.210171635214157
122744482,4080392,0,0,1,0.0,0.0,0.0,0.0,0.0,0.0,0.0,0.0,0.0
12054178,4080392,50,2,5,1.0,2.321928094887362,1.0,44.4,2.42,30.82,1.2800346517365802,3.555022751630058,2.2920070210862673
213380775,4080392,0,0,31,0.0,4.696131794257844,0.0,0.0,0.0,0.0,0.0,0.0,0.0
186789544,4080392,0,0,22,0.0,4.459431618637295,0.0,0.0,0.0,0.0,0.0,0.0,0.0
60804782,4080392,0,0,52,2.107833210824613,5.195350054554739,4.39231742277876,0.0,0.0,0.0,0.0,0.0,0.0
184528558,4080392,0,0,50,0.0,5.123856189774727,0.0,0.0,0.0,0.0,0.0,0.0,0.0
76770992,4080392,0,0,80,1.8751310486364097,5.656687083026438,4.08746284125034,0.0,0.0,0.0,0.0,0.0,0.0
38309552,4080392,0,0,28,1.8423709931771088,4.735926350629031,2.8073549220576046,0.0,0.0,0.0,0.0,0.0,0.0
59846322,4080392,0,0,94,1.9411105153243537,5.865981873452092,4.66449777920046,0.0,0.0,0.0,0.0,0.0,0.0
5721780,4080392,0,0,25,0.6500224216483541,3.6038561897747234,2.584962500721156,0.0,0.0,0.0,0.0,0.0,0.0
182562492,4080392,0,0,20,0.0,4.1219280948873624,2.321928094887362,0.0,0.0,0.0,0.0,0.0,0.0
194162368,4080392,0,0,91,0.0,5.793294090653052,0.0,0.0,0.0,0.0,0.0,0.0,0.0
72478402,4080392,0,0,15,0.0,3.7735572622751845,1.0,0.0,0.0,0.0,0.0,0.0,0.0
209776329,4080392,0,0,30,0.0,4.361406329721843,0.0,0.0,0.0,0.0,0.0,0.0,0.0
210529993,4080392,0,0,15,0.0,3.7735572622751845,0.0,0.0,0.0,0.0,0.0,0.0,0.0
2969291,4080392,0,0,8,0.0,2.75,1.584962500721156,0.0,0.0,0.0,0.0,0.0,0.0
202485458,4080392,0,0,31,0.0,4.889680181354619,0.0,0.0,0.0,0.0,0.0,0.0,0.0
194957014,4080392,0,0,55,1.0,5.231093122497558,1.0,0.0,0.0,0.0,0.0,0.0,0.0
154726112,4080392,0,0,15,1.3709505944546687,3.7735572622751845,2.321928094887362,0.0,0.0,0.0,0.0,0.0,0.0
188223203,4080392,16,1,4,1.584962500721156,2.0,1.584962500721156,57.375,4.1875,34.0625,1.7722715179550201,3.963495349417096,2.749612815219271
39653092,4080392,20,1,46,0.0,5.33323831470563,0.0,57.15,3.9,16.1,1.347409022215556,2.66190399383324,2.007569519962671
188206823,4080392,0,0,18,0.0,4.058813890331201,0.0,0.0,0.0,0.0,0.0,0.0,0.0
6106864,4080392,0,0,30,2.692380602454975,4.389898095464288,3.6644977792004623,0.0,0.0,0.0,0.0,0.0,0.0
123449072,4080392,0,0,17,0.0,3.8077635764171953,0.0,0.0,0.0,0.0,0.0,0.0,0.0
13135608,4080392,0,0,14,0.0,3.6644977792004623,0.0,0.0,0.0,0.0,0.0,0.0,0.0
187281145,4080392,0,0,20,0.0,4.221928094887362,0.0,0.0,0.0,0.0,0.0,0.0,0.0
128478982,4080392,0,0,13,0.0,3.5465935642949384,0.0,0.0,0.0,0.0,0.0,0.0,0.0
7032583,4080392,0,0,111,2.8927021732601896,6.118564064470351,4.436605434317882,0.0,0.0,0.0,0.0,0.0,0.0
191049481,4080392,0,0,10,0.0,3.321928094887362,1.584962500721156,0.0,0.0,0.0,0.0,0.0,0.0
185847573,4080392,0,0,19,0.0,4.247927513443588,0.0,0.0,0.0,0.0,0.0,0.0,0.0
210816804,4080392,0,0,23,0.0,4.436605434317882,0.0,0.0,0.0,0.0,0.0,0.0,0.0
200625965,4080392,0,0,10,0.0,3.321928094887362,0.0,0.0,0.0,0.0,0.0,0.0,0.0
209276717,4080392,0,0,9,0.0,3.169925001442312,0.0,0.0,0.0,0.0,0.0,0.0,0.0
184741683,4080392,0,0,26,0.9182958340544896,4.623516641218014,1.584962500721156,0.0,0.0,0.0,0.0,0.0,0.0
8900406,4080392,0,0,16,0.0,4.0,1.584962500721156,0.0,0.0,0.0,0.0,0.0,0.0
64794422,4080392,0,0,313,0.0,5.439999195061643,2.0,0.0,0.0,0.0,0.0,0.0,0.0
205303614,4080392,0,0,111,0.0,5.206093681451029,0.0,0.0,0.0,0.0,0.0,0.0,0.0
206384959,4080392,0,0,1,0.0,0.0,0.0,0.0,0.0,0.0,0.0,0.0,0.0
9506624,4080392,0,0,5,0.0,2.321928094887362,1.0,0.0,0.0,0.0,0.0,0.0,0.0
72978242,4080392,0,0,35,2.2963168308262123,5.01499730265925,4.39231742277876,0.0,0.0,0.0,0.0,0.0,0.0
5533506,4080392,0,0,38,0.0,4.879506460812009,2.0,0.0,0.0,0.0,0.0,0.0,0.0
37695312,4080392,17,1,5,1.5,2.321928094887362,2.0,50.411764705882355,3.9411764705882355,66.70588235294117,1.9941786332856946,3.158396897066201,2.8684464349431193
22114141,4080392,0,0,8,0.9182958340544896,3.0,1.584962500721156,0.0,0.0,0.0,0.0,0.0,0.0
75673442,4080392,0,0,19,1.7924812503605778,3.9976702764876153,2.584962500721156,0.0,0.0,0.0,0.0,0.0,0.0
55889762,4080392,0,0,32,0.0,4.515319531114783,0.0,0.0,0.0,0.0,0.0,0.0,0.0
15544171,4080392,0,0,19,0.0,4.142664355548851,0.0,0.0,0.0,0.0,0.0,0.0,0.0
189034356,4080392,27,1,19,1.4591479170272448,4.247927513443588,2.584962500721156,46.18518518518518,2.4814814814814814,31.11111111111111,1.3113810833443353,3.7718916415145647,2.4245909245378794
75960182,4080392,0,0,22,0.0,4.459431618637295,1.0,0.0,0.0,0.0,0.0,0.0,0.0
72716152,4080392,0,0,61,1.5306390622295662,5.373360288382556,3.875,0.0,0.0,0.0,0.0,0.0,0.0
9523073,4080392,0,0,38,0.0,4.731884343063672,1.0,0.0,0.0,0.0,0.0,0.0,0.0
186322817,4080392,0,0,55,1.584962500721156,5.1720910770823485,1.584962500721156,0.0,0.0,0.0,0.0,0.0,0.0
14315397,4080392,12,1,3,0.9182958340544896,1.584962500721156,1.584962500721156,70.91666666666667,5.833333333333333,20.666666666666668,1.4203955463232105,2.380259798856342,1.6680617627668213
2518918,4080392,0,0,18,2.197159723424149,3.905764584655453,3.169925001442312,0.0,0.0,0.0,0.0,0.0,0.0
206483334,4080392,0,0,15,0.0,3.906890595608518,0.0,0.0,0.0,0.0,0.0,0.0,0.0
13324170,4080392,0,0,19,2.481714572986073,4.247927513443588,3.459431618637298,0.0,0.0,0.0,0.0,0.0,0.0
32296842,4080392,0,0,24,1.584962500721156,4.303508854797679,1.584962500721156,0.0,0.0,0.0,0.0,0.0,0.0
12963732,4080392,0,0,15,0.0,3.5898980954642865,0.0,0.0,0.0,0.0,0.0,0.0,0.0
19951511,4080392,17,1,2,1.0,1.0,1.0,50.411764705882355,3.9411764705882355,66.88235294117646,2.023590397991577,3.236157373236046,2.927269964354884
39767972,4080392,0,0,2,0.0,1.0,0.0,0.0,0.0,0.0,0.0,0.0,0.0
188239782,4080392,0,0,42,0.0,4.458525019234151,0.0,0.0,0.0,0.0,0.0,0.0,0.0
97079212,4080392,0,0,18,0.0,3.614369445886757,0.0,0.0,0.0,0.0,0.0,0.0,0.0
182734766,4080392,0,0,16,0.0,3.875,0.0,0.0,0.0,0.0,0.0,0.0,0.0
10801077,4080392,0,0,27,0.0,4.680813428089397,1.584962500721156,0.0,0.0,0.0,0.0,0.0,0.0
3289015,4080392,0,0,20,0.6500224216483541,3.121928094887362,2.584962500721156,0.0,0.0,0.0,0.0,0.0,0.0
124759992,4080392,0,0,22,0.0,4.459431618637295,2.0,0.0,0.0,0.0,0.0,0.0,0.0
187617211,4080392,0,0,22,1.4591479170272448,4.459431618637295,2.584962500721156,0.0,0.0,0.0,0.0,0.0,0.0
33107902,4080392,0,0,23,0.0,4.1757358691004915,0.0,0.0,0.0,0.0,0.0,0.0,0.0
2543557,4080392,0,0,18,0.9182958340544896,4.058813890331201,1.584962500721156,0.0,0.0,0.0,0.0,0.0,0.0
185053134,4080392,0,0,34,0.7219280948873623,4.888789679422001,2.321928094887362,0.0,0.0,0.0,0.0,0.0,0.0
198094807,4080392,0,0,66,0.0,5.536670255656537,0.0,0.0,0.0,0.0,0.0,0.0,0.0
121040862,4080392,0,0,7,0.8112781244591328,2.8073549220576046,2.0,0.0,0.0,0.0,0.0,0.0,0.0
111693792,4080392,44,2,11,1.950212064914747,3.459431618637298,2.8073549220576046,40.36363636363637,2.1818181818181817,27.568181818181817,1.2777868466235083,3.7573327045228067,2.296282512458696
211185643,4080392,0,0,5,0.0,1.9219280948873623,0.0,0.0,0.0,0.0,0.0,0.0,0.0
196743155,4080392,0,0,30,0.0,4.323231428797621,0.0,0.0,0.0,0.0,0.0,0.0,0.0
8261620,4080392,0,0,34,2.077819531114783,5.087462841250338,4.0,0.0,0.0,0.0,0.0,0.0,0.0
10104821,4080392,0,0,59,2.2623623773882575,5.6453549137686165,4.39231742277876,0.0,0.0,0.0,0.0,0.0,0.0
52400122,4080392,0,0,20,0.6500224216483541,4.321928094887363,2.584962500721156,0.0,0.0,0.0,0.0,0.0,0.0
191098878,4080392,0,0,63,1.3709505944546687,5.268215884403774,2.321928094887362,0.0,0.0,0.0,0.0,0.0,0.0
20467711,4080392,0,0,2,0.0,1.0,0.0,0.0,0.0,0.0,0.0,0.0,0.0
121982982,4080392,0,0,3,1.0,1.584962500721156,1.0,0.0,0.0,0.0,0.0,0.0,0.0
183783432,4080392,0,0,62,0.0,5.575006390962245,1.0,0.0,0.0,0.0,0.0,0.0,0.0
12079116,4080392,0,0,6,0.0,2.584962500721156,0.0,0.0,0.0,0.0,0.0,0.0,0.0
195260438,4080392,0,0,35,1.1488348542809168,5.01499730265925,2.8073549220576046,0.0,0.0,0.0,0.0,0.0,0.0
184897578,4080392,0,0,24,1.061278124459133,4.418295834054489,3.0,0.0,0.0,0.0,0.0,0.0,0.0
7811117,4080392,0,0,14,0.5916727785823275,3.8073549220576055,2.8073549220576046,0.0,0.0,0.0,0.0,0.0,0.0
8818734,4080392,0,0,154,2.199687794731328,5.727763386074644,3.7004397181410926,0.0,0.0,0.0,0.0,0.0,0.0
7516209,4080392,22,1,19,1.7527152789797045,4.247927513443588,3.169925001442312,49.68181818181818,3.090909090909091,23.0,1.0453578277395454,3.311666919323383,2.086364485480139
3428406,4080392,0,0,53,2.872905595320056,4.162742089219618,3.906890595608518,0.0,0.0,0.0,0.0,0.0,0.0
3207234,4080392,0,0,13,1.584962500721156,2.8073904508767225,1.584962500721156,0.0,0.0,0.0,0.0,0.0,0.0
6664265,4080392,0,0,11,0.0,3.277613436819116,0.0,0.0,0.0,0.0,0.0,0.0,0.0
186388556,4080392,0,0,39,0.0,5.285402218862247,0.0,0.0,0.0,0.0,0.0,0.0,0.0
13348946,4080392,0,0,8,0.9182958340544896,3.0,1.584962500721156,0.0,0.0,0.0,0.0,0.0,0.0
12636246,4080392,0,0,67,1.0219280948873624,5.715197026214082,4.321928094887363,0.0,0.0,0.0,0.0,0.0,0.0
183382105,4080392,0,0,30,0.0,4.840223928941852,0.0,0.0,0.0,0.0,0.0,0.0,0.0
184504421,4080392,0,0,112,1.9894908719265076,6.248165721315716,4.459431618637295,0.0,0.0,0.0,0.0,0.0,0.0
13594731,4080392,0,0,9,0.9182958340544896,3.169925001442312,1.584962500721156,0.0,0.0,0.0,0.0,0.0,0.0
193917047,4080392,0,0,44,0.0,5.169547811769944,0.0,0.0,0.0,0.0,0.0,0.0,0.0
198799480,4080392,0,0,21,0.0,4.297079327540665,0.0,0.0,0.0,0.0,0.0,0.0,0.0
205680769,4080392,0,0,9,0.0,2.94770277922009,0.0,0.0,0.0,0.0,0.0,0.0,0.0
201166984,4080392,0,0,79,0.0,5.974666824126472,0.0,0.0,0.0,0.0,0.0,0.0,0.0
183537807,4080392,0,0,34,0.0,5.087462841250338,1.0,0.0,0.0,0.0,0.0,0.0,0.0
184324242,4080392,0,0,11,1.2516291673878228,3.2776134368191165,2.2516291673878226,0.0,0.0,0.0,0.0,0.0,0.0
9482387,4080392,0,0,7,1.0,2.8073549220576046,1.0,0.0,0.0,0.0,0.0,0.0,0.0
41586842,4080392,34,2,1,0.0,0.0,0.0,43.911764705882355,2.911764705882353,20.38235294117647,1.2987821807047346,3.175833301204305,2.1737686698629877
193753242,4080392,0,0,32,0.0,4.8125,0.0,0.0,0.0,0.0,0.0,0.0,0.0
188993691,4080392,0,0,2,0.0,1.0,0.0,0.0,0.0,0.0,0.0,0.0,0.0
204066979,4080392,0,0,20,0.0,2.660964047443681,0.0,0.0,0.0,0.0,0.0,0.0,0.0
186904741,4080392,0,0,9,0.0,3.169925001442312,0.0,0.0,0.0,0.0,0.0,0.0,0.0
214225069,4080392,0,0,32,0.0,4.6875,0.0,0.0,0.0,0.0,0.0,0.0,0.0
186495151,4080392,0,0,43,0.0,5.333241498888144,0.0,0.0,0.0,0.0,0.0,0.0,0.0
147460272,4080392,0,0,46,0.0,5.393127173448315,2.0,0.0,0.0,0.0,0.0,0.0,0.0
10809523,4080392,0,0,25,1.3709505944546687,4.293660689688184,2.321928094887362,0.0,0.0,0.0,0.0,0.0,0.0
210792631,4080392,0,0,28,0.0,4.321296333684861,0.0,0.0,0.0,0.0,0.0,0.0,0.0
130879672,4080392,0,0,1,0.0,0.0,0.0,0.0,0.0,0.0,0.0,0.0,0.0
10047681,4080392,0,0,110,2.0349409139562287,5.848601905032593,3.5465935642949384,0.0,0.0,0.0,0.0,0.0,0.0
194121923,4080392,0,0,6,0.0,2.2516291673878226,0.0,0.0,0.0,0.0,0.0,0.0,0.0
81301702,4080392,0,0,213,2.5508529203018613,6.05743380872791,5.211210541203447,0.0,0.0,0.0,0.0,0.0,0.0
200192202,4080392,0,0,79,0.0,5.595981419558198,0.0,0.0,0.0,0.0,0.0,0.0,0.0
31822032,4080392,0,0,56,2.6527021654271747,5.036618146008853,4.906890595608519,0.0,0.0,0.0,0.0,0.0,0.0
191230161,4080392,27,1,6,0.0,2.584962500721156,1.0,46.18518518518518,2.4814814814814814,31.59259259259259,1.365423598789789,3.833482938282062,2.483293239379404
189452498,4080392,0,0,10,0.0,3.321928094887362,0.0,0.0,0.0,0.0,0.0,0.0,0.0
187822292,4080392,0,0,10,0.0,3.321928094887362,0.0,0.0,0.0,0.0,0.0,0.0,0.0
190632154,4080392,0,0,16,0.0,3.875,0.0,0.0,0.0,0.0,0.0,0.0,0.0
204378330,4080392,0,0,13,0.0,3.334679141051595,0.0,0.0,0.0,0.0,0.0,0.0,0.0
213242075,4080392,0,0,19,0.0,3.82687488186464,0.0,0.0,0.0,0.0,0.0,0.0,0.0
13873374,4080392,0,0,7,0.0,2.8073549220576046,0.0,0.0,0.0,0.0,0.0,0.0,0.0
184332513,4080392,0,0,17,0.0,4.08746284125034,0.0,0.0,0.0,0.0,0.0,0.0,0.0
191975653,4080392,0,0,26,0.0,4.700439718141092,0.0,0.0,0.0,0.0,0.0,0.0,0.0
7835881,4080392,0,0,23,2.7898980954642867,4.316827716832514,3.773557262275185,0.0,0.0,0.0,0.0,0.0,0.0
213364969,4080392,0,0,18,0.0,3.7254805569978684,0.0,0.0,0.0,0.0,0.0,0.0,0.0
70111482,4080392,0,0,5,1.0,2.321928094887362,1.0,0.0,0.0,0.0,0.0,0.0,0.0
191942908,4080392,0,0,29,0.0,4.720049960644813,0.0,0.0,0.0,0.0,0.0,0.0,0.0
5861639,4080392,0,0,104,2.388841368411807,5.789527152574513,5.357552004618081,0.0,0.0,0.0,0.0,0.0,0.0
11186440,4080392,0,0,14,2.2516291673878226,3.8073549220576055,2.584962500721156,0.0,0.0,0.0,0.0,0.0,0.0
22843661,4080392,27,1,4,1.5,2.0,2.0,52.25925925925926,3.1481481481481484,18.444444444444443,1.440105563564415,3.013772589381568,2.078500871317525
156373262,4080392,0,0,7,0.0,2.8073549220576046,0.0,0.0,0.0,0.0,0.0,0.0,0.0
152678672,4080392,0,0,2,0.0,1.0,0.0,0.0,0.0,0.0,0.0,0.0,0.0
194384145,4080392,0,0,8,0.0,3.0,0.0,0.0,0.0,0.0,0.0,0.0,0.0
192483603,4080392,40,2,35,1.0,5.072140159802107,1.0,43.425,2.525,31.5,1.5017915244044426,3.744292560159598,2.5876625709855903
154784022,4080392,0,0,20,0.0,3.821928094887362,0.0,0.0,0.0,0.0,0.0,0.0,0.0
31977752,4080392,0,0,19,0.0,4.142664355548851,0.0,0.0,0.0,0.0,0.0,0.0,0.0
8261918,4080392,0,0,28,0.9182958340544896,4.249867762256289,1.584962500721156,0.0,0.0,0.0,0.0,0.0,0.0
141193522,4080392,20,1,23,2.199687794731328,4.349648912578752,3.5465935642949384,51.6,3.35,19.65,1.193593775475407,3.129920347146668,2.0840679159719357
144830772,4080392,0,0,7,0.0,2.8073549220576046,2.0,0.0,0.0,0.0,0.0,0.0,0.0
197824825,4080392,0,0,11,0.0,3.459431618637298,0.0,0.0,0.0,0.0,0.0,0.0,0.0
204771642,4080392,0,0,24,0.0,3.766150648454356,0.0,0.0,0.0,0.0,0.0,0.0,0.0
142184772,4080392,0,0,22,0.0,4.368522527728205,0.0,0.0,0.0,0.0,0.0,0.0,0.0
186306885,4080392,19,1,12,1.2987949406953985,3.584962500721156,3.0,47.73684210526316,3.1052631578947367,21.105263157894736,1.3405544385697508,3.6643428491107017,2.2012791201862276
199397707,4080392,0,0,23,0.0,4.349648912578752,0.0,0.0,0.0,0.0,0.0,0.0,0.0
139735372,4080392,0,0,90,2.8421731352831454,5.880524762900178,5.633209655696991,0.0,0.0,0.0,0.0,0.0,0.0
203649356,4080392,0,0,33,0.0,4.513794876803093,0.0,0.0,0.0,0.0,0.0,0.0,0.0
187560270,4080392,0,0,13,0.0,3.5465935642949384,0.0,0.0,0.0,0.0,0.0,0.0,0.0
196268373,4080392,16,1,1,0.0,0.0,0.0,59.125,4.3125,40.6875,1.7408541798113388,4.1598152610167425,2.845175543476314
196669784,4080392,0,0,104,0.0,5.943429564744939,0.0,0.0,0.0,0.0,0.0,0.0,0.0
194744669,4080392,0,0,26,0.5435644431995964,4.517559429596343,3.0,0.0,0.0,0.0,0.0,0.0,0.0
206336353,4080392,0,0,12,0.0,3.584962500721156,0.0,0.0,0.0,0.0,0.0,0.0,0.0
182243682,4080392,0,0,15,0.0,3.7735572622751845,0.0,0.0,0.0,0.0,0.0,0.0,0.0
210596194,4080392,0,0,50,0.0,3.832487689168952,0.0,0.0,0.0,0.0,0.0,0.0,0.0
44650852,4080392,0,0,119,2.3361418538246292,6.322500819309336,5.114369445886754,0.0,0.0,0.0,0.0,0.0,0.0
211079525,4080392,0,0,48,0.0,5.133889907921092,0.0,0.0,0.0,0.0,0.0,0.0,0.0
4870510,4080392,0,0,51,2.654255313215029,5.194689499293062,4.08746284125034,0.0,0.0,0.0,0.0,0.0,0.0
4231536,4080392,0,0,35,2.4116022179746714,4.843568731230678,3.7004397181410926,0.0,0.0,0.0,0.0,0.0,0.0
157553012,4080392,50,3,9,0.8112781244591328,2.94770277922009,2.0,42.26,2.56,21.06,1.083104263224841,3.1631622696276143,1.9018001773400701
12669301,4080392,24,1,11,0.0,3.459431618637298,1.584962500721156,54.75,3.4166666666666665,28.833333333333332,1.2714199547079537,3.1718405731301096,2.0620046552788174
81940852,4080392,0,0,28,1.9877733714879842,4.63753751126605,3.7004397181410926,0.0,0.0,0.0,0.0,0.0,0.0
197841269,4080392,0,0,22,0.0,4.368522527728205,0.0,0.0,0.0,0.0,0.0,0.0,0.0
211235195,4080392,0,0,29,0.0,4.556088322639177,0.0,0.0,0.0,0.0,0.0,0.0,0.0
89592192,4080392,0,0,1,0.0,0.0,0.0,0.0,0.0,0.0,0.0,0.0,0.0
159216002,4080392,0,0,1,0.0,0.0,0.0,0.0,0.0,0.0,0.0,0.0,0.0
4747656,4080392,24,1,38,2.289246428509158,4.088618360680157,3.906890595608518,59.416666666666664,3.7083333333333335,17.875,1.3804045286222284,3.193227677960919,2.0093599803148012
90943882,4080392,0,0,4,0.9182958340544896,2.0,1.584962500721156,0.0,0.0,0.0,0.0,0.0,0.0
139760012,4080392,0,0,95,1.6010241522554498,6.144965840156209,4.889680181354619,0.0,0.0,0.0,0.0,0.0,0.0
93983122,4080392,0,0,27,2.8138461086383852,4.6808134280893965,4.08746284125034,0.0,0.0,0.0,0.0,0.0,0.0
185094560,4080392,0,0,2,0.0,1.0,0.0,0.0,0.0,0.0,0.0,0.0,0.0
50254242,4080392,36,2,29,1.5487949406953985,4.789015477886192,3.0,47.30555555555556,2.9722222222222223,19.916666666666668,1.0005477425749763,2.9093526436072383,1.759710795667488
95261092,4080392,0,0,5,0.0,2.321928094887362,0.0,0.0,0.0,0.0,0.0,0.0,0.0
71340452,4080392,0,0,2,0.0,1.0,0.0,0.0,0.0,0.0,0.0,0.0,0.0
186470824,4080392,0,0,26,0.0,4.363713275750189,0.0,0.0,0.0,0.0,0.0,0.0,0.0
55390632,4080392,0,0,10,0.0,3.121928094887362,0.0,0.0,0.0,0.0,0.0,0.0,0.0
159953322,4080392,0,0,14,1.75,3.6644977792004623,2.75,0.0,0.0,0.0,0.0,0.0,0.0
199864744,4080392,0,0,55,0.0,5.033733977547135,0.0,0.0,0.0,0.0,0.0,0.0,0.0
12521897,4080392,0,0,30,0.9182958340544896,4.840223928941852,2.584962500721156,0.0,0.0,0.0,0.0,0.0,0.0
192459185,4080392,0,0,7,0.0,2.8073549220576046,0.0,0.0,0.0,0.0,0.0,0.0,0.0
8303027,4080392,0,0,9,0.0,3.169925001442312,1.0,0.0,0.0,0.0,0.0,0.0,0.0
3838391,4080392,16,1,24,1.280672129520887,4.418295834054489,3.584962500721156,53.625,4.0625,16.875,1.1990713877304255,2.618099624262431,1.7885538142018809
202027451,4080392,0,0,25,0.0,3.777796811598594,0.0,0.0,0.0,0.0,0.0,0.0,0.0
105812412,4080392,0,0,6,0.0,2.584962500721156,0.0,0.0,0.0,0.0,0.0,0.0,0.0
183038432,4080392,0,0,83,1.9609640474436814,6.010404943316925,3.321928094887362,0.0,0.0,0.0,0.0,0.0,0.0
199037413,4080392,0,0,46,0.0,5.001822825622228,0.0,0.0,0.0,0.0,0.0,0.0,0.0
113086952,4080392,0,0,3,0.0,1.584962500721156,0.0,0.0,0.0,0.0,0.0,0.0,0.0
7860713,4080392,0,0,2,0.0,1.0,0.0,0.0,0.0,0.0,0.0,0.0,0.0
210194924,4080392,0,0,5,0.0,1.9219280948873623,0.0,0.0,0.0,0.0,0.0,0.0,0.0
1430006,4080392,292,26,11,1.3787834934861758,3.277613436819116,2.5216406363433186,25.34931506849315,1.4554794520547945,21.825342465753426,1.0967305763021598,2.96017615501731,1.9708819609955608
195793400,4080392,0,0,40,0.0,4.803055907333276,0.0,0.0,0.0,0.0,0.0,0.0,0.0
195670521,4080392,0,0,38,0.0,4.984769618706746,0.0,0.0,0.0,0.0,0.0,0.0,0.0
197079546,4080392,0,0,21,0.0,4.201841232302569,0.0,0.0,0.0,0.0,0.0,0.0,0.0
187929100,4080392,0,0,29,0.0,4.857980995127571,1.584962500721156,0.0,0.0,0.0,0.0,0.0,0.0
193278478,4080392,0,0,43,0.0,5.2226627197680635,0.0,0.0,0.0,0.0,0.0,0.0,0.0
211472914,4080392,0,0,20,0.0,3.5414460711655216,0.0,0.0,0.0,0.0,0.0,0.0,0.0
30700052,4080392,0,0,45,0.0,4.825186429663008,0.0,0.0,0.0,0.0,0.0,0.0,0.0
6066720,4080392,39,2,43,1.584962500721156,4.103925130562617,1.584962500721156,45.205128205128204,2.923076923076923,24.692307692307693,1.3304815689337401,3.080419283675428,2.134385256457761
197087777,4080392,0,0,38,0.0,5.037401197654114,0.0,0.0,0.0,0.0,0.0,0.0,0.0
12964386,4080392,0,0,82,0.8112781244591328,5.856095718291698,2.0,0.0,0.0,0.0,0.0,0.0,0.0
13046308,4080392,0,0,20,2.321928094887362,4.221928094887362,2.321928094887362,0.0,0.0,0.0,0.0,0.0,0.0
200741416,4080392,0,0,27,0.0,4.3565583354166755,0.0,0.0,0.0,0.0,0.0,0.0,0.0
87872042,4080392,0,0,11,0.0,3.459431618637298,0.0,0.0,0.0,0.0,0.0,0.0,0.0
161763882,4080392,0,0,18,0.0,4.058813890331201,0.0,0.0,0.0,0.0,0.0,0.0,0.0
10613299,4080392,19,1,46,1.7732143550933817,5.202803532096935,4.247927513443588,47.73684210526316,3.1052631578947367,19.31578947368421,1.315584995706699,3.579193321143555,2.1355987247418287
157119032,4080392,0,0,6,0.0,2.584962500721156,1.584962500721156,0.0,0.0,0.0,0.0,0.0,0.0
200430141,4080392,0,0,26,0.0,4.161978179679553,0.0,0.0,0.0,0.0,0.0,0.0,0.0
201364032,4080392,0,0,47,0.0,3.937567575081891,0.0,0.0,0.0,0.0,0.0,0.0,0.0
208253505,4080392,0,0,1,0.0,0.0,0.0,0.0,0.0,0.0,0.0,0.0,0.0
207163971,4080392,0,0,98,0.0,5.160913685068062,0.0,0.0,0.0,0.0,0.0,0.0,0.0
67654212,4080392,0,0,14,1.5,3.2359263506290334,2.0,0.0,0.0,0.0,0.0,0.0,0.0
212177477,4080392,0,0,45,0.0,4.22828412215195,0.0,0.0,0.0,0.0,0.0,0.0,0.0
46338632,4080392,0,0,17,1.3709505944546687,3.969815782426811,2.321928094887362,0.0,0.0,0.0,0.0,0.0,0.0
150491722,4080392,0,0,19,2.1556390622295662,4.142664355548851,3.0,0.0,0.0,0.0,0.0,0.0,0.0
183931473,4080392,22,1,18,0.0,4.169925001442313,1.0,49.68181818181818,3.090909090909091,23.045454545454547,1.1250267040568045,3.315212488050715,2.184997440091153
201593432,4080392,0,0,41,0.0,4.431352774104984,0.0,0.0,0.0,0.0,0.0,0.0,0.0
197890650,4080392,0,0,122,0.0,6.29726018579942,0.0,0.0,0.0,0.0,0.0,0.0,0.0
114741852,4080392,0,0,3,0.0,1.584962500721156,1.0,0.0,0.0,0.0,0.0,0.0,0.0
194720353,4080392,0,0,8,0.0,3.0,0.0,0.0,0.0,0.0,0.0,0.0,0.0
215937642,4080392,0,0,10,0.0,2.8464393446710154,0.0,0.0,0.0,0.0,0.0,0.0,0.0
184627836,4080392,0,0,15,0.0,3.7735572622751845,2.0,0.0,0.0,0.0,0.0,0.0,0.0
211710595,4080392,0,0,27,0.0,4.6808134280893965,0.0,0.0,0.0,0.0,0.0,0.0,0.0
112325252,4080392,0,0,1,0.0,0.0,0.0,0.0,0.0,0.0,0.0,0.0,0.0
184398469,4080392,0,0,48,2.9915254351209173,5.501629167387827,5.058813890331199,0.0,0.0,0.0,0.0,0.0,0.0
12784264,4080392,0,0,14,0.0,3.8073549220576055,0.0,0.0,0.0,0.0,0.0,0.0,0.0
200364683,4080392,0,0,25,0.0,4.5638561897747225,0.0,0.0,0.0,0.0,0.0,0.0,0.0
210268811,4080392,0,0,2,0.0,1.0,0.0,0.0,0.0,0.0,0.0,0.0,0.0
194056845,4080392,0,0,122,2.0403733936884962,5.338858025226142,3.459431618637298,0.0,0.0,0.0,0.0,0.0,0.0
58864272,4080392,0,0,13,0.0,3.7004397181410926,1.0,0.0,0.0,0.0,0.0,0.0,0.0
188576410,4080392,0,0,32,1.676737030052133,4.9375,3.459431618637298,0.0,0.0,0.0,0.0,0.0,0.0
154366622,4080392,0,0,36,0.6500224216483541,5.003258334775643,2.584962500721156,0.0,0.0,0.0,0.0,0.0,0.0
212038303,4080392,0,0,41,0.0,3.5011341036801644,0.0,0.0,0.0,0.0,0.0,0.0,0.0
191386276,4080392,0,0,46,1.0,5.393127173448315,1.0,0.0,0.0,0.0,0.0,0.0,0.0
206942884,4080392,0,0,42,0.0,5.106603137064477,0.0,0.0,0.0,0.0,0.0,0.0,0.0
192991911,4080392,0,0,15,0.0,3.906890595608518,0.0,0.0,0.0,0.0,0.0,0.0,0.0
184939176,4080392,0,0,19,0.0,4.0374011976541135,0.0,0.0,0.0,0.0,0.0,0.0,0.0
71348912,4080392,0,0,25,0.0,4.163856189774723,0.0,0.0,0.0,0.0,0.0,0.0,0.0
128258742,4080392,24,1,10,1.3516441151533922,3.321928094887362,3.169925001442312,59.416666666666664,3.7083333333333335,19.041666666666668,1.4194712916787189,3.2251731057022845,2.0400668800717265
7934646,4080392,0,0,50,1.5744174271404583,4.402699061555325,3.6644977792004623,0.0,0.0,0.0,0.0,0.0,0.0
195310265,4080392,0,0,13,0.0,3.5465935642949384,0.0,0.0,0.0,0.0,0.0,0.0,0.0
107639482,4080392,0,0,2,0.0,1.0,0.0,0.0,0.0,0.0,0.0,0.0,0.0
206303930,4080392,0,0,17,0.0,4.08746284125034,0.0,0.0,0.0,0.0,0.0,0.0,0.0
161895102,4080392,0,0,8,1.0,2.4056390622295662,1.0,0.0,0.0,0.0,0.0,0.0,0.0
205845182,4080392,0,0,3,0.0,1.584962500721156,0.0,0.0,0.0,0.0,0.0,0.0,0.0
40768192,4080392,0,0,41,0.0,5.192798650906777,0.0,0.0,0.0,0.0,0.0,0.0,0.0
205173441,4080392,0,0,53,0.0,4.548121869412616,0.0,0.0,0.0,0.0,0.0,0.0,0.0
125989572,4080392,78,4,4,1.0,2.0,1.0,39.32051282051282,2.217948717948718,22.743589743589745,1.280795835748128,3.0782430588862404,2.092199509202317
70882002,4080392,0,0,49,0.9886994082884974,5.328995558400923,4.0,0.0,0.0,0.0,0.0,0.0,0.0
214733527,4080392,0,0,4,0.0,2.0,0.0,0.0,0.0,0.0,0.0,0.0,0.0
193278680,4080392,0,0,21,0.0,4.39231742277876,0.0,0.0,0.0,0.0,0.0,0.0,0.0
69464792,4080392,0,0,22,1.5,3.566182325255331,2.0,0.0,0.0,0.0,0.0,0.0,0.0
126997212,4080392,0,0,22,0.9709505944546686,4.368522527728205,2.321928094887362,0.0,0.0,0.0,0.0,0.0,0.0
68711132,4080392,0,0,63,1.3778903318832147,5.691565637785633,4.39231742277876,0.0,0.0,0.0,0.0,0.0,0.0
189412078,4080392,0,0,13,0.9182958340544896,3.7004397181410926,1.584962500721156,0.0,0.0,0.0,0.0,0.0,0.0
58790642,4080392,20,1,26,2.365892690865937,4.700439718141092,4.459431618637295,50.75,3.7,20.65,1.3176159699398309,2.725168195634814,1.8379401133523001
184324854,4080392,0,0,53,0.0,3.888948562910526,0.0,0.0,0.0,0.0,0.0,0.0,0.0
205566710,4080392,0,0,19,0.0,2.9847696187067445,0.0,0.0,0.0,0.0,0.0,0.0,0.0
142234362,4080392,0,0,2,0.0,1.0,0.0,0.0,0.0,0.0,0.0,0.0,0.0
183177980,4080392,0,0,42,0.0,4.993391529870108,0.0,0.0,0.0,0.0,0.0,0.0,0.0
211358470,4080392,0,0,18,0.0,3.5249449750847117,0.0,0.0,0.0,0.0,0.0,0.0,0.0
52089612,4080392,9,1,16,2.1556390622295662,3.702819531114783,3.0,46.77777777777778,4.222222222222222,9.0,1.165550890764744,2.6703844210311747,1.8611621474265776
3937036,4080392,0,0,23,1.75,4.436605434317882,3.0,0.0,0.0,0.0,0.0,0.0,0.0
65966862,4080392,0,0,21,0.8112781244591328,4.165894208390023,2.0,0.0,0.0,0.0,0.0,0.0,0.0
133739282,4080392,16,1,8,0.9182958340544896,3.0,1.584962500721156,48.1875,3.75,19.375,1.1668162062790997,2.334077394215855,1.779415225458497
130904852,4080392,0,0,3,0.0,1.584962500721156,0.0,0.0,0.0,0.0,0.0,0.0,0.0
161903382,4080392,0,0,31,0.9182958340544896,4.954196310386877,3.169925001442312,0.0,0.0,0.0,0.0,0.0,0.0
36639512,4080392,0,0,6,0.0,2.584962500721156,0.0,0.0,0.0,0.0,0.0,0.0,0.0
134402842,4080392,0,0,5,0.0,2.321928094887362,0.0,0.0,0.0,0.0,0.0,0.0,0.0
115299102,4080392,0,0,11,0.0,3.459431618637298,0.0,0.0,0.0,0.0,0.0,0.0,0.0
10621731,4080392,0,0,10,2.2359263506290326,3.321928094887362,2.8073549220576046,0.0,0.0,0.0,0.0,0.0,0.0
191632164,4080392,0,0,32,1.224394445405986,4.726409765557392,3.169925001442312,0.0,0.0,0.0,0.0,0.0,0.0
23261991,4080392,0,0,3,0.0,1.584962500721156,0.0,0.0,0.0,0.0,0.0,0.0,0.0
26080042,4080392,0,0,63,2.718701684185926,5.388082852408431,4.857980995127571,0.0,0.0,0.0,0.0,0.0,0.0
183014187,4080392,0,0,22,0.0,4.243300368538956,0.0,0.0,0.0,0.0,0.0,0.0,0.0
9081648,4080392,0,0,20,0.0,4.221928094887362,1.0,0.0,0.0,0.0,0.0,0.0,0.0
14234418,4080392,0,0,14,0.0,3.8073549220576055,0.0,0.0,0.0,0.0,0.0,0.0,0.0
7287603,4080392,0,0,12,2.5216406363433186,3.584962500721156,2.8073549220576046,0.0,0.0,0.0,0.0,0.0,0.0
48935732,4080392,0,0,238,3.248010181368882,5.991868667683179,5.841067436806764,0.0,0.0,0.0,0.0,0.0,0.0
11105077,4080392,86,5,7,1.9219280948873623,2.8073549220576046,2.321928094887362,36.7093023255814,2.1511627906976742,18.46511627906977,1.159594112140191,3.0747137706071257,1.9662547659569665
8270648,4080392,0,0,8,0.9182958340544896,2.75,1.584962500721156,0.0,0.0,0.0,0.0,0.0,0.0
186397500,4080392,0,0,39,1.061278124459133,5.009635872652927,3.0,0.0,0.0,0.0,0.0,0.0,0.0
206852925,4080392,0,0,46,0.0,5.306170651709184,0.0,0.0,0.0,0.0,0.0,0.0,0.0
188740422,4080392,0,0,19,0.0,4.247927513443588,0.0,0.0,0.0,0.0,0.0,0.0,0.0
198660936,4080392,0,0,20,0.0,4.321928094887363,0.0,0.0,0.0,0.0,0.0,0.0,0.0
185537354,4080392,0,0,42,0.0,4.94577248225106,0.0,0.0,0.0,0.0,0.0,0.0,0.0
177681232,4080392,0,0,13,0.0,3.3927474104487847,0.0,0.0,0.0,0.0,0.0,0.0,0.0
187708247,4080392,0,0,14,0.0,3.6644977792004623,0.0,0.0,0.0,0.0,0.0,0.0,0.0
215077729,4080392,0,0,11,0.0,3.0271691184406193,0.0,0.0,0.0,0.0,0.0,0.0,0.0
103117672,4080392,0,0,1,0.0,0.0,0.0,0.0,0.0,0.0,0.0,0.0,0.0
213226345,4080392,0,0,33,0.0,4.453188816197032,0.0,0.0,0.0,0.0,0.0,0.0,0.0
23188331,4080392,0,0,2,0.0,1.0,0.0,0.0,0.0,0.0,0.0,0.0,0.0
115020652,4080392,36,2,4,0.0,2.0,1.584962500721156,47.30555555555556,2.9722222222222223,20.61111111111111,1.0435698242609595,2.9868252957707444,1.7990173928696782
10933103,4080392,16,1,29,1.6767370300521327,4.556088322639176,3.459431618637298,53.625,4.0625,16.5625,1.1743173314472226,2.609487593725888,1.796399494332122
204854127,4080392,0,0,21,0.0,4.165894208390023,0.0,0.0,0.0,0.0,0.0,0.0,0.0
7730035,4080392,0,0,6,1.584962500721156,2.584962500721156,1.584962500721156,0.0,0.0,0.0,0.0,0.0,0.0
1856384,4080392,0,0,91,3.532961273115777,5.480466417107976,5.5235619560570095,0.0,0.0,0.0,0.0,0.0,0.0
183317378,4080392,0,0,17,0.0,3.8521687236032816,0.0,0.0,0.0,0.0,0.0,0.0,0.0
144372612,4080392,20,1,12,2.128085278891395,3.418295834054489,2.8073549220576046,57.15,3.9,17.8,1.2410047582709862,2.757651117865797,1.8672017738597906
32682892,4080392,16,1,36,0.5916727785823275,5.003258334775643,2.8073549220576046,59.125,4.3125,38.5,1.7038746311499433,3.8471116150932647,2.6697158608477136
9270158,4080392,0,0,20,0.0,4.1219280948873624,0.0,0.0,0.0,0.0,0.0,0.0,0.0
183432084,4080392,0,0,55,0.0,5.117190167834096,1.584962500721156,0.0,0.0,0.0,0.0,0.0,0.0
156750742,4080392,0,0,11,1.950212064914747,3.459431618637298,2.8073549220576046,0.0,0.0,0.0,0.0,0.0,0.0
3806103,4080392,0,0,78,0.0,4.887715680289766,0.0,0.0,0.0,0.0,0.0,0.0,0.0
200004505,4080392,0,0,13,0.0,3.7004397181410926,0.0,0.0,0.0,0.0,0.0,0.0,0.0
214447003,4080392,0,0,21,0.0,4.070656113151928,0.0,0.0,0.0,0.0,0.0,0.0,0.0
193459101,4080392,0,0,62,1.295461844238322,5.528961988183644,3.321928094887362,0.0,0.0,0.0,0.0,0.0,0.0
198423453,4080392,0,0,30,0.0,4.440223928941852,0.0,0.0,0.0,0.0,0.0,0.0,0.0
188773281,4080392,0,0,56,0.9182958340544896,5.485926350629037,1.584962500721156,0.0,0.0,0.0,0.0,0.0,0.0
3036066,4080392,0,0,62,0.0,5.466056592540255,0.0,0.0,0.0,0.0,0.0,0.0,0.0
199136167,4080392,0,0,39,0.0,5.009635872652928,0.0,0.0,0.0,0.0,0.0,0.0,0.0
14824361,4080392,20,1,7,1.9219280948873623,2.8073549220576046,2.321928094887362,57.15,3.9,18.05,1.2513126174711877,2.7881981634656414,1.891473115218303
202437545,4080392,0,0,38,0.0,4.734512381750774,0.0,0.0,0.0,0.0,0.0,0.0,0.0
203117490,4080392,0,0,6,0.0,2.2516291673878226,0.0,0.0,0.0,0.0,0.0,0.0,0.0
177640382,4080392,0,0,5,1.0,1.9219280948873623,1.0,0.0,0.0,0.0,0.0,0.0,0.0
107303872,4080392,20,1,2,0.0,1.0,1.0,57.15,3.9,18.3,1.347409022215556,2.8785659095685214,1.9575695199626708
192533446,4080392,27,1,1,0.0,0.0,0.0,46.18518518518518,2.4814814814814814,31.77777777777778,1.365423598789789,3.9292222901606233,2.5203302764164413
198800332,4080392,0,0,87,0.0,5.801858007218642,0.0,0.0,0.0,0.0,0.0,0.0,0.0
29225932,4080392,0,0,41,2.6062389286533896,5.046457187492145,3.906890595608518,0.0,0.0,0.0,0.0,0.0,0.0
192394193,4080392,0,0,13,0.0,3.334679141051595,0.0,0.0,0.0,0.0,0.0,0.0,0.0
171480022,4080392,0,0,90,1.0,5.937694174319365,1.0,0.0,0.0,0.0,0.0,0.0,0.0
2700255,4080392,0,0,20,2.368522527728207,4.1219280948873624,3.459431618637298,0.0,0.0,0.0,0.0,0.0,0.0
308194,4080392,0,0,60,1.2516291673878228,4.8474985487862305,2.584962500721156,0.0,0.0,0.0,0.0,0.0,0.0
194352103,4080392,0,0,74,0.0,5.611282250676379,1.584962500721156,0.0,0.0,0.0,0.0,0.0,0.0
208589799,4080392,0,0,13,0.0,3.334679141051595,0.0,0.0,0.0,0.0,0.0,0.0,0.0
7926761,4080392,0,0,5,0.0,2.321928094887362,0.0,0.0,0.0,0.0,0.0,0.0,0.0
207311853,4080392,0,0,29,0.0,4.392126684633539,0.0,0.0,0.0,0.0,0.0,0.0,0.0
77550582,4080392,17,1,1,0.0,0.0,0.0,58.64705882352941,4.529411764705882,27.352941176470587,1.824437584497751,3.2932020500043606,2.4422367800573586
28677112,4080392,0,0,43,0.0,4.728590336097446,0.0,0.0,0.0,0.0,0.0,0.0,0.0
184218618,4080392,0,0,12,0.0,3.584962500721156,0.0,0.0,0.0,0.0,0.0,0.0,0.0
10171398,4080392,0,0,30,0.0,4.640223928941852,0.0,0.0,0.0,0.0,0.0,0.0,0.0
34591752,4080392,8,1,12,1.4591479170272446,3.584962500721156,2.584962500721156,58.5,5.125,6.75,0.988179597442558,2.458109011448621,1.885485382570549
134599692,4080392,0,0,59,0.7219280948873623,5.6453549137686165,2.321928094887362,0.0,0.0,0.0,0.0,0.0,0.0
185127952,4080392,0,0,50,0.0,5.523856189774728,0.0,0.0,0.0,0.0,0.0,0.0,0.0
110851092,4080392,20,1,5,1.0,2.321928094887362,1.0,57.15,3.9,18.15,1.2974090222155559,2.8124695048241533,1.9575695199626708
18093081,4080392,0,0,9,0.0,3.169925001442312,0.0,0.0,0.0,0.0,0.0,0.0,0.0
196269083,4080392,0,0,4,1.0,2.0,1.0,0.0,0.0,0.0,0.0,0.0,0.0
161346592,4080392,0,0,1,0.0,0.0,0.0,0.0,0.0,0.0,0.0,0.0,0.0
184431653,4080392,0,0,57,0.0,5.587275979077019,0.0,0.0,0.0,0.0,0.0,0.0,0.0
213963825,4080392,0,0,22,0.0,3.754441845713344,0.0,0.0,0.0,0.0,0.0,0.0,0.0
39760952,4080392,0,0,64,3.6712297455310647,5.706954882778696,5.44740865188523,0.0,0.0,0.0,0.0,0.0,0.0
95466562,4080392,0,0,33,0.8112781244591328,4.9837880587523955,2.0,0.0,0.0,0.0,0.0,0.0,0.0
198120521,4080392,0,0,5,0.0,2.321928094887362,0.0,0.0,0.0,0.0,0.0,0.0,0.0
9892939,4080392,0,0,53,2.5,5.433398936177595,3.0,0.0,0.0,0.0,0.0,0.0,0.0
183211087,4080392,0,0,23,0.0,4.316827716832515,0.0,0.0,0.0,0.0,0.0,0.0,0.0
200012881,4080392,0,0,39,0.0,5.131556065016094,0.0,0.0,0.0,0.0,0.0,0.0,0.0
164246612,4080392,0,0,19,0.5916727785823275,4.247927513443588,2.8073549220576046,0.0,0.0,0.0,0.0,0.0,0.0
54072412,4080392,0,0,1,0.0,0.0,0.0,0.0,0.0,0.0,0.0,0.0,0.0
195392619,4080392,0,0,20,0.0,4.221928094887362,0.0,0.0,0.0,0.0,0.0,0.0,0.0
6952044,4080392,0,0,8,1.0,3.0,1.0,0.0,0.0,0.0,0.0,0.0,0.0
204092531,4080392,0,0,33,0.0,4.392582755590971,0.0,0.0,0.0,0.0,0.0,0.0,0.0
214430836,4080392,0,0,25,0.0,4.453660689688184,0.0,0.0,0.0,0.0,0.0,0.0,0.0
199079043,4080392,0,0,26,0.0,4.517559429596343,0.0,0.0,0.0,0.0,0.0,0.0,0.0
184669316,4080392,0,0,18,0.0,3.9477027792200903,0.0,0.0,0.0,0.0,0.0,0.0,0.0
23032971,4080392,0,0,10,1.9219280948873623,3.321928094887362,2.321928094887362,0.0,0.0,0.0,0.0,0.0,0.0
76240012,4080392,0,0,4,0.0,2.0,0.0,0.0,0.0,0.0,0.0,0.0,0.0
10974350,4080392,16,1,20,1.3709505944546687,3.7414460711655213,2.321928094887362,57.375,4.1875,33.0625,1.7856472620966755,3.8546549699692507,2.703552465583883
202937486,4080392,0,0,14,0.0,3.4677201004745006,0.0,0.0,0.0,0.0,0.0,0.0,0.0
187937942,4080392,0,0,35,0.0,4.936286231168865,0.0,0.0,0.0,0.0,0.0,0.0,0.0
17740951,4080392,0,0,12,1.0,3.418295834054489,1.0,0.0,0.0,0.0,0.0,0.0,0.0
3765400,4080392,0,0,123,0.0,5.97886145645321,0.0,0.0,0.0,0.0,0.0,0.0,0.0
61142172,4080392,18,1,1,0.0,0.0,0.0,64.0,4.388888888888889,51.111111111111114,1.6386432449416004,3.6823364224314212,2.6575438959928963
9696412,4080392,0,0,47,0.8812908992306927,5.384376085720193,3.321928094887362,0.0,0.0,0.0,0.0,0.0,0.0
116470942,4080392,0,0,17,2.75,3.6168746059562227,3.0,0.0,0.0,0.0,0.0,0.0,0.0
132682912,4080392,16,1,2,0.0,1.0,0.0,48.1875,3.75,19.75,1.2242096959075053,2.459077394215855,1.878475381753569
214725793,4080392,0,0,11,0.0,3.277613436819116,0.0,0.0,0.0,0.0,0.0,0.0,0.0
198636710,4080392,0,0,77,0.0,5.717894819831392,0.0,0.0,0.0,0.0,0.0,0.0,0.0
203617446,4080392,0,0,12,0.0,3.418295834054489,0.0,0.0,0.0,0.0,0.0,0.0,0.0
3036346,4080392,39,2,16,1.9219280948873623,3.452819531114783,2.321928094887362,46.35897435897436,2.8205128205128207,21.358974358974358,0.9831065719776513,2.9246024619671718,1.7492379269834617
49140922,4080392,0,0,19,1.5566567074628228,4.0374011976541135,2.8073549220576046,0.0,0.0,0.0,0.0,0.0,0.0
208516292,4080392,0,0,27,0.0,4.43063240949075,0.0,0.0,0.0,0.0,0.0,0.0,0.0
87864532,4080392,14,1,19,1.0957952550009338,4.247927513443588,3.459431618637298,64.07142857142857,4.857142857142857,20.642857142857142,1.1076529072926147,2.4629176507041675,1.5149594644312747
128201942,4080392,0,0,4,1.0,2.0,1.0,0.0,0.0,0.0,0.0,0.0,0.0
213193942,4080392,0,0,29,0.0,4.111378082906772,0.0,0.0,0.0,0.0,0.0,0.0,0.0
196793567,4080392,0,0,22,0.0,4.368522527728205,2.0,0.0,0.0,0.0,0.0,0.0,0.0
202167519,4080392,0,0,51,0.0,5.116258126744043,0.0,0.0,0.0,0.0,0.0,0.0,0.0
151155942,4080392,24,1,6,0.0,2.584962500721156,0.0,59.416666666666664,3.7083333333333335,19.208333333333332,1.4757897964767768,3.25588000545921,2.1721470884651564
190018801,4080392,0,0,57,0.0,5.525700979001108,0.0,0.0,0.0,0.0,0.0,0.0,0.0
133969142,4080392,0,0,41,0.9182958340544896,4.448180967663345,1.584962500721156,0.0,0.0,0.0,0.0,0.0,0.0
197383420,4080392,0,0,59,0.0,5.469684948063527,0.0,0.0,0.0,0.0,0.0,0.0,0.0
183784710,4080392,0,0,30,1.0,4.840223928941852,1.0,0.0,0.0,0.0,0.0,0.0,0.0
40924422,4080392,0,0,10,0.0,3.321928094887362,0.0,0.0,0.0,0.0,0.0,0.0,0.0
121632012,4080392,0,0,9,0.0,3.169925001442312,0.0,0.0,0.0,0.0,0.0,0.0,0.0
3618061,4080392,38,2,34,2.2516291673878226,4.7711426205984715,2.584962500721156,41.71052631578947,2.473684210526316,21.736842105263158,1.0916289061813078,3.422180151256803,2.1002727343415604
186201362,4080392,0,0,51,0.0,5.2114493614945,1.0,0.0,0.0,0.0,0.0,0.0,0.0
14193942,4080392,0,0,98,0.8112781244591328,6.077677288165312,3.0,0.0,0.0,0.0,0.0,0.0,0.0
193156378,4080392,0,0,27,1.0,4.606739354015323,1.0,0.0,0.0,0.0,0.0,0.0,0.0
3691803,4080392,0,0,7,0.7219280948873623,2.8073549220576046,2.321928094887362,0.0,0.0,0.0,0.0,0.0,0.0
185521434,4080392,0,0,31,0.0,4.825164052322361,0.0,0.0,0.0,0.0,0.0,0.0,0.0
12162333,4080392,11,1,3,0.0,1.584962500721156,1.0,45.27272727272727,3.909090909090909,13.272727272727273,1.0333529711846454,2.8569494756570917,1.7772315120830184
59381022,4080392,29,2,1,0.0,0.0,0.0,44.06896551724138,3.2758620689655173,19.413793103448278,1.317601476551762,2.751935093916555,1.8841306225694283
129340702,4080392,24,1,9,0.9709505944546686,3.169925001442312,1.9219280948873623,59.416666666666664,3.7083333333333335,19.083333333333332,1.4353335217078322,3.2315065679291624,2.0920667511781827
7550259,4080392,0,0,11,2.2516291673878226,3.459431618637298,2.584962500721156,0.0,0.0,0.0,0.0,0.0,0.0
215848245,4080392,0,0,79,0.0,4.278950300450276,0.0,0.0,0.0,0.0,0.0,0.0,0.0
9844029,4080392,0,0,40,2.013132465170739,4.93418371977919,3.7735572622751845,0.0,0.0,0.0,0.0,0.0,0.0
4109632,4080392,0,0,85,1.0,5.886963030766332,1.0,0.0,0.0,0.0,0.0,0.0,0.0
113210692,4080392,0,0,13,0.0,3.5465935642949384,0.0,0.0,0.0,0.0,0.0,0.0,0.0
61838662,4080392,0,0,14,1.7924812503605778,3.8073549220576055,2.584962500721156,0.0,0.0,0.0,0.0,0.0,0.0
189330760,4080392,0,0,31,0.0,4.760647923290102,1.584962500721156,0.0,0.0,0.0,0.0,0.0,0.0
188699976,4080392,0,0,16,0.0,4.0,1.0,0.0,0.0,0.0,0.0,0.0,0.0
213308753,4080392,0,0,14,0.0,3.3248629576173574,0.0,0.0,0.0,0.0,0.0,0.0,0.0
202831190,4080392,0,0,47,0.0,4.5338618633577,0.0,0.0,0.0,0.0,0.0,0.0,0.0
213685593,4080392,0,0,15,0.0,3.373557262275185,0.0,0.0,0.0,0.0,0.0,0.0,0.0
209900890,4080392,0,0,39,0.0,4.525107745672421,0.0,0.0,0.0,0.0,0.0,0.0,0.0
183219550,4080392,0,0,10,0.0,3.321928094887362,1.0,0.0,0.0,0.0,0.0,0.0,0.0
48624992,4080392,0,0,9,0.0,3.169925001442312,0.0,0.0,0.0,0.0,0.0,0.0,0.0
211047777,4080392,0,0,37,0.0,3.5414707491351387,0.0,0.0,0.0,0.0,0.0,0.0,0.0
98014562,4080392,0,0,14,0.0,3.6644977792004623,1.0,0.0,0.0,0.0,0.0,0.0,0.0
140694892,4080392,0,0,1,0.0,0.0,0.0,0.0,0.0,0.0,0.0,0.0,0.0
41981312,4080392,0,0,228,0.9182958340544896,6.135560310839026,1.584962500721156,0.0,0.0,0.0,0.0,0.0,0.0
187848069,4080392,0,0,34,0.0,5.087462841250338,0.0,0.0,0.0,0.0,0.0,0.0,0.0
213734790,4080392,0,0,26,0.0,3.045841640885174,0.0,0.0,0.0,0.0,0.0,0.0,0.0
186037642,4080392,0,0,16,0.0,3.875,0.0,0.0,0.0,0.0,0.0,0.0,0.0
211375502,4080392,0,0,30,0.0,4.251841113795078,0.0,0.0,0.0,0.0,0.0,0.0,0.0
138827152,4080392,0,0,20,1.5,4.221928094887362,2.0,0.0,0.0,0.0,0.0,0.0,0.0
13063570,4080392,0,0,9,0.0,3.169925001442312,0.0,0.0,0.0,0.0,0.0,0.0,0.0
113046932,4080392,38,2,3,1.0,1.584962500721156,1.0,44.60526315789474,2.710526315789474,16.657894736842106,1.2372361714142706,2.8021215936466217,1.91074310950409
210687380,4080392,0,0,45,0.0,4.023900731641456,0.0,0.0,0.0,0.0,0.0,0.0,0.0
6935961,4080392,0,0,1,0.0,0.0,0.0,0.0,0.0,0.0,0.0,0.0,0.0
14161312,4080392,0,0,20,1.9219280948873623,4.221928094887362,2.321928094887362,0.0,0.0,0.0,0.0,0.0,0.0
183293349,4080392,0,0,29,0.0,4.857980995127571,1.0,0.0,0.0,0.0,0.0,0.0,0.0
12211621,4080392,0,0,42,1.0,5.297079327540667,1.0,0.0,0.0,0.0,0.0,0.0,0.0
204019110,4080392,0,0,28,0.0,4.735926350629031,0.0,0.0,0.0,0.0,0.0,0.0,0.0
7665071,4080392,0,0,92,1.780672129520887,5.9803644728935765,3.584962500721156,0.0,0.0,0.0,0.0,0.0,0.0
45348272,4080392,0,0,56,2.1324373408045867,5.686731930947547,4.584962500721156,0.0,0.0,0.0,0.0,0.0,0.0
98792882,4080392,46,2,5,1.0,2.321928094887362,1.0,41.0,2.1956521739130435,28.608695652173914,1.2003892885128722,3.6495893411913207,2.3420574906818628
8099250,4080392,0,0,19,0.0,4.247927513443588,0.0,0.0,0.0,0.0,0.0,0.0,0.0
211457460,4080392,0,0,25,0.0,3.777796811598594,0.0,0.0,0.0,0.0,0.0,0.0,0.0
98989502,4080392,0,0,21,0.0,4.201841232302569,1.0,0.0,0.0,0.0,0.0,0.0,0.0
210687422,4080392,0,0,22,0.0,4.061482186720775,0.0,0.0,0.0,0.0,0.0,0.0,0.0
108320192,4080392,0,0,15,0.0,3.906890595608518,2.0,0.0,0.0,0.0,0.0,0.0,0.0
12260803,4080392,24,1,4,0.0,2.0,0.0,59.416666666666664,3.7083333333333335,19.291666666666668,1.4757897964767768,3.280253442989259,2.1721470884651564
111187402,4080392,0,0,1,0.0,0.0,0.0,0.0,0.0,0.0,0.0,0.0,0.0
195786191,4080392,0,0,47,0.0,5.240655075035864,0.0,0.0,0.0,0.0,0.0,0.0,0.0
15766991,4080392,0,0,41,0.0,4.735362370366206,0.0,0.0,0.0,0.0,0.0,0.0,0.0
182859218,4080392,0,0,25,1.3709505944546687,4.4838561897747224,2.321928094887362,0.0,0.0,0.0,0.0,0.0,0.0
188339674,4080392,0,0,11,0.0,3.277613436819116,0.0,0.0,0.0,0.0,0.0,0.0,0.0
68892122,4080392,20,1,16,0.7219280948873623,3.0306390622295662,2.321928094887362,50.75,3.7,21.15,1.3998141997387594,2.8086582284303896,1.9448152895397968
36812252,4080392,0,0,80,0.9182958340544896,5.987492001110314,1.584962500721156,0.0,0.0,0.0,0.0,0.0,0.0
28161502,4080392,0,0,34,1.584962500721156,4.616874605956221,1.584962500721156,0.0,0.0,0.0,0.0,0.0,0.0
124081632,4080392,27,1,12,0.9182958340544896,3.4182958340544896,1.584962500721156,46.18518518518518,2.4814814814814814,31.37037037037037,1.331412641972956,3.802618740751198,2.4616279615749166
183563750,4080392,0,0,22,0.0,4.459431618637295,0.0,0.0,0.0,0.0,0.0,0.0,0.0
66827752,4080392,35,2,7,0.8112781244591328,2.8073549220576046,2.0,45.6,3.142857142857143,20.0,1.4248643277788615,2.906205865656063,2.0425504621467323
208967146,4080392,0,0,12,0.0,3.584962500721156,0.0,0.0,0.0,0.0,0.0,0.0,0.0
7452143,4080392,11,1,66,1.7891312259695478,5.7373537783510296,4.857980995127571,45.27272727272727,3.909090909090909,7.545454545454546,0.8707046779146865,2.479459359508921,1.426505967071421
202446325,4080392,0,0,21,0.0,4.165894208390023,0.0,0.0,0.0,0.0,0.0,0.0,0.0
7534070,4080392,0,0,8,0.0,2.4056390622295662,0.0,0.0,0.0,0.0,0.0,0.0,0.0
11843066,4080392,0,0,7,0.8112781244591328,2.8073549220576046,2.0,0.0,0.0,0.0,0.0,0.0,0.0
30905852,4080392,44,2,54,1.0,5.088699197514634,1.0,47.52272727272727,2.75,21.15909090909091,1.2490673644105321,3.14549002535221,2.0876029514554855
203355645,4080392,0,0,10,0.0,3.1219280948873624,0.0,0.0,0.0,0.0,0.0,0.0,0.0
203978238,4080392,0,0,76,0.0,5.432138039759379,0.0,0.0,0.0,0.0,0.0,0.0,0.0
190944770,4080392,0,0,20,0.0,4.321928094887363,0.0,0.0,0.0,0.0,0.0,0.0,0.0
37533192,4080392,0,0,2,0.0,1.0,0.0,0.0,0.0,0.0,0.0,0.0,0.0
210007565,4080392,0,0,18,0.0,4.169925001442313,0.0,0.0,0.0,0.0,0.0,0.0,0.0
183735823,4080392,0,0,8,0.0,3.0,0.0,0.0,0.0,0.0,0.0,0.0,0.0
102659602,4080392,0,0,28,0.0,4.735926350629031,0.0,0.0,0.0,0.0,0.0,0.0,0.0
107034132,4080392,40,2,4,1.0,2.0,1.0,41.2,2.5,16.6,1.284446322246311,2.911397795904714,2.028529939210789
11154964,4080392,0,0,34,0.0,4.888789679422001,0.0,0.0,0.0,0.0,0.0,0.0,0.0
6845976,4080392,0,0,29,2.35274578087187,4.651084443403434,3.8073549220576055,0.0,0.0,0.0,0.0,0.0,0.0
7829020,4080392,0,0,3,0.0,1.584962500721156,0.0,0.0,0.0,0.0,0.0,0.0,0.0
204854813,4080392,0,0,14,0.0,3.52164063634332,0.0,0.0,0.0,0.0,0.0,0.0,0.0
43300382,4080392,9,1,1,0.0,0.0,0.0,57.22222222222222,5.111111111111111,17.555555555555557,1.5357240023330745,3.433082466419326,2.337317949522383
87791132,4080392,0,0,9,0.0,2.94770277922009,0.0,0.0,0.0,0.0,0.0,0.0,0.0
184579620,4080392,0,0,46,0.0,5.273349455962947,0.0,0.0,0.0,0.0,0.0,0.0,0.0
189257253,4080392,0,0,123,0.0,6.2439124664291725,0.0,0.0,0.0,0.0,0.0,0.0,0.0
38680102,4080392,0,0,16,2.2810361125534233,3.875,3.169925001442312,0.0,0.0,0.0,0.0,0.0,0.0
211105322,4080392,0,0,33,0.0,4.839700558686835,0.0,0.0,0.0,0.0,0.0,0.0,0.0
4290094,4080392,0,0,29,0.0,4.789015477886192,0.0,0.0,0.0,0.0,0.0,0.0,0.0
193639985,4080392,0,0,57,0.0,5.385350101808125,0.0,0.0,0.0,0.0,0.0,0.0,0.0
204084785,4080392,0,0,7,0.0,2.8073549220576046,0.0,0.0,0.0,0.0,0.0,0.0,0.0
212882995,4080392,0,0,32,0.0,3.434196364505181,0.0,0.0,0.0,0.0,0.0,0.0,0.0
12219959,4080392,0,0,16,1.4591479170272448,4.0,2.584962500721156,0.0,0.0,0.0,0.0,0.0,0.0
207541818,4080392,0,0,35,0.0,4.243010159554854,0.0,0.0,0.0,0.0,0.0,0.0,0.0
175552062,4080392,0,0,12,0.0,3.418295834054489,0.0,0.0,0.0,0.0,0.0,0.0,0.0
106632772,4080392,25,2,8,0.0,3.0,1.0,37.16,2.92,17.36,1.1430181729626003,2.459762764114503,1.8033404841850795
38016582,4080392,0,0,66,0.0,5.535157142473054,0.0,0.0,0.0,0.0,0.0,0.0,0.0
4388424,4080392,17,1,32,2.927451224964519,4.75,4.058813890331201,58.64705882352941,4.529411764705882,25.529411764705884,1.6522345712645443,3.0137902852984784,2.203483021802582
6927948,4080392,0,0,51,0.8112781244591328,5.51556259687346,2.0,0.0,0.0,0.0,0.0,0.0,0.0
208836172,4080392,0,0,26,0.0,4.517559429596343,0.0,0.0,0.0,0.0,0.0,0.0,0.0
2872910,4080392,24,1,8,0.0,3.0,2.0,59.416666666666664,3.7083333333333335,19.125,1.4757897964767768,3.238586776322592,2.088813755131823
13145684,4080392,0,0,29,0.0,3.961429270989642,1.0,0.0,0.0,0.0,0.0,0.0,0.0
183252565,4080392,0,0,19,0.0,4.142664355548851,0.0,0.0,0.0,0.0,0.0,0.0,0.0
189101654,4080392,0,0,46,0.0,5.202803532096936,0.0,0.0,0.0,0.0,0.0,0.0,0.0
195507798,4080392,0,0,79,0.7219280948873623,5.387093712966845,2.321928094887362,0.0,0.0,0.0,0.0,0.0,0.0
194754141,4080392,0,0,22,0.0,4.061482186720775,0.0,0.0,0.0,0.0,0.0,0.0,0.0
198121059,4080392,0,0,30,0.0,4.840223928941852,0.0,0.0,0.0,0.0,0.0,0.0,0.0
3085929,4080392,16,1,42,2.905332349584247,4.602763626142329,4.229871195093384,57.375,4.1875,31.6875,1.6897484024010767,3.8008226227832003,2.584306021821007
8083052,4080392,17,2,10,2.321928094887362,3.321928094887362,2.321928094887362,44.35294117647059,3.8823529411764706,16.705882352941178,1.4418564789120358,2.8339576875337014,2.034052539825357
3233394,4080392,0,0,28,3.4219280948873623,4.735926350629031,4.321928094887363,0.0,0.0,0.0,0.0,0.0,0.0
101938812,4080392,0,0,19,0.0,4.247927513443588,1.0,0.0,0.0,0.0,0.0,0.0,0.0
196343446,4080392,0,0,1,0.0,0.0,0.0,0.0,0.0,0.0,0.0,0.0,0.0
93812382,4080392,31,2,4,0.9182958340544896,2.0,1.584962500721156,49.25806451612903,3.225806451612903,17.967741935483872,1.4516178881739497,3.2214424427950474,2.089528590739951
2455202,4080392,0,0,21,2.584962500721156,3.916126946588283,2.584962500721156,0.0,0.0,0.0,0.0,0.0,0.0
25843362,4080392,0,0,1,0.0,0.0,0.0,0.0,0.0,0.0,0.0,0.0,0.0
138901162,4080392,0,0,4,1.0,2.0,1.0,0.0,0.0,0.0,0.0,0.0,0.0
2152109,4080392,0,0,42,2.2998963911678914,4.225185279715574,3.459431618637298,0.0,0.0,0.0,0.0,0.0,0.0
9246383,4080392,0,0,2,0.0,1.0,0.0,0.0,0.0,0.0,0.0,0.0,0.0
189716148,4080392,0,0,15,1.2516291673878228,3.773557262275185,2.584962500721156,0.0,0.0,0.0,0.0,0.0,0.0
202290869,4080392,0,0,11,0.0,3.277613436819116,0.0,0.0,0.0,0.0,0.0,0.0,0.0
10172097,4080392,27,1,14,1.4591479170272448,3.128085278891395,1.7924812503605778,52.25925925925926,3.1481481481481484,18.074074074074073,1.4416186036745173,2.9719916531263313,2.0861867509337997
141178562,4080392,0,0,5,0.0,2.321928094887362,0.0,0.0,0.0,0.0,0.0,0.0,0.0
191616707,4080392,0,0,15,0.7219280948873623,3.906890595608518,2.321928094887362,0.0,0.0,0.0,0.0,0.0,0.0
210826947,4080392,0,0,6,0.0,2.2516291673878226,0.0,0.0,0.0,0.0,0.0,0.0,0.0
7919303,4080392,0,0,17,1.3709505944546687,3.8521687236032816,2.321928094887362,0.0,0.0,0.0,0.0,0.0,0.0
5150407,4080392,0,0,17,1.5,4.08746284125034,2.0,0.0,0.0,0.0,0.0,0.0,0.0
199743175,4080392,0,0,9,0.0,2.94770277922009,0.0,0.0,0.0,0.0,0.0,0.0,0.0
184522445,4080392,0,0,67,0.0,5.84586698893294,0.0,0.0,0.0,0.0,0.0,0.0,0.0
8664794,4080392,11,1,6,1.0,2.584962500721156,1.0,45.27272727272727,3.909090909090909,13.0,0.9424438802755546,2.766040384748001,1.7772315120830184
155703012,4080392,0,0,3,0.0,1.584962500721156,0.0,0.0,0.0,0.0,0.0,0.0,0.0
197924582,4080392,0,0,17,0.0,3.969815782426811,0.0,0.0,0.0,0.0,0.0,0.0,0.0
4806380,4080392,0,0,34,1.2776134368191157,4.73452166477975,3.459431618637298,0.0,0.0,0.0,0.0,0.0,0.0
206378740,4080392,0,0,16,0.0,3.702819531114783,0.0,0.0,0.0,0.0,0.0,0.0,0.0
52811512,4080392,0,0,179,1.7607912955405012,6.584376842485393,5.3219280948873635,0.0,0.0,0.0,0.0,0.0,0.0
182925049,4080392,0,0,27,0.9182958340544896,4.6808134280893965,1.584962500721156,0.0,0.0,0.0,0.0,0.0,0.0
212629241,4080392,0,0,11,0.0,2.7321588913645707,0.0,0.0,0.0,0.0,0.0,0.0,0.0
194402054,4080392,0,0,31,0.0,4.825164052322361,0.0,0.0,0.0,0.0,0.0,0.0,0.0
153040652,4080392,0,0,38,0.0,5.1426643555488525,0.0,0.0,0.0,0.0,0.0,0.0,0.0
118019852,4080392,0,0,3,0.0,1.584962500721156,0.0,0.0,0.0,0.0,0.0,0.0,0.0
203257614,4080392,0,0,53,0.0,5.2682123795330025,0.0,0.0,0.0,0.0,0.0,0.0,0.0
211244813,4080392,0,0,28,0.0,4.321296333684861,0.0,0.0,0.0,0.0,0.0,0.0,0.0
122746642,4080392,0,0,15,0.9182958340544896,3.906890595608518,1.584962500721156,0.0,0.0,0.0,0.0,0.0,0.0
184743705,4080392,0,0,37,0.0,4.885129041304628,0.0,0.0,0.0,0.0,0.0,0.0,0.0
12785434,4080392,0,0,1,0.0,0.0,0.0,0.0,0.0,0.0,0.0,0.0,0.0
9123618,4080392,0,0,19,0.9182958340544896,2.4995443056081323,1.584962500721156,0.0,0.0,0.0,0.0,0.0,0.0
191043370,4080392,0,0,6,0.0,2.584962500721156,0.0,0.0,0.0,0.0,0.0,0.0,0.0
51255092,4080392,0,0,29,2.113283334294875,4.181786496009062,3.169925001442312,0.0,0.0,0.0,0.0,0.0,0.0
197187382,4080392,0,0,6,0.0,2.584962500721156,0.0,0.0,0.0,0.0,0.0,0.0,0.0
128538432,4080392,0,0,23,2.0,4.316827716832514,3.0,0.0,0.0,0.0,0.0,0.0,0.0
5625665,4080392,0,0,30,1.626688849701832,4.7068905956085185,3.8073549220576055,0.0,0.0,0.0,0.0,0.0,0.0
87439172,4080392,14,1,3,0.0,1.584962500721156,0.0,64.07142857142857,4.857142857142857,21.785714285714285,1.1859239969355386,2.6531294373271983,1.7620617229053674
120534852,4080392,16,1,2,0.0,1.0,1.0,53.625,4.0625,18.25,1.2791133958254808,2.8317431138908367,1.950113970496953
104263,4080392,0,0,7,2.0,2.8073549220576046,2.0,0.0,0.0,0.0,0.0,0.0,0.0
204683079,4080392,0,0,37,0.0,4.972834784489399,0.0,0.0,0.0,0.0,0.0,0.0,0.0
66934602,4080392,0,0,34,2.3921472236645345,4.947613208833766,4.058813890331201,0.0,0.0,0.0,0.0,0.0,0.0
7698252,4080392,18,1,388,3.3706284588532034,6.897077432630726,6.957854445516404,64.0,4.388888888888889,29.61111111111111,1.4513861083386448,3.299165453951937,2.27099642679754
189306712,4080392,0,0,29,0.0,4.111378082906772,0.0,0.0,0.0,0.0,0.0,0.0,0.0
196278111,4080392,0,0,4,0.0,2.0,0.0,0.0,0.0,0.0,0.0,0.0,0.0
194647904,4080392,0,0,10,0.0,3.321928094887362,0.0,0.0,0.0,0.0,0.0,0.0,0.0
4921187,4080392,17,1,5,1.5,2.321928094887362,2.0,58.64705882352941,4.529411764705882,27.11764705882353,1.736202290380104,3.1566180444227516,2.324589721233829
156940132,4080392,0,0,3,0.0,1.584962500721156,0.0,0.0,0.0,0.0,0.0,0.0,0.0
5150581,4080392,24,2,12,2.75,3.418295834054489,3.0,39.166666666666664,3.125,49.958333333333336,1.7153270979784538,3.0265312316866684,2.541350336855371
183719797,4080392,0,0,19,0.0,4.142664355548851,1.584962500721156,0.0,0.0,0.0,0.0,0.0,0.0
93525882,4080392,20,1,18,1.8676338909712125,4.058813890331201,3.459431618637298,51.6,3.35,19.9,1.2101964706634125,3.144462098259045,2.088426013254818
101013372,4080392,0,0,49,1.5,5.614709844115208,2.0,0.0,0.0,0.0,0.0,0.0,0.0
3929980,4080392,44,2,26,2.133937566094917,3.7773627950641684,3.7004397181410926,40.36363636363637,2.1818181818181817,27.227272727272727,1.2736112670512318,3.75010699596765,2.2759851307295262
192305025,4080392,16,1,3,0.0,1.584962500721156,0.0,59.125,4.3125,40.5625,1.7408541798113388,4.06075510472167,2.845175543476314
60315522,4080392,0,0,21,1.6644977792004616,4.39231742277876,2.8073549220576046,0.0,0.0,0.0,0.0,0.0,0.0
2578305,4080392,0,0,85,2.2147016226376044,5.466883478038238,4.546593564294938,0.0,0.0,0.0,0.0,0.0,0.0
2348932,4080392,0,0,18,0.9182958340544896,4.169925001442313,1.584962500721156,0.0,0.0,0.0,0.0,0.0,0.0
3348365,4080392,0,0,18,0.0,2.836591668108979,0.0,0.0,0.0,0.0,0.0,0.0,0.0
182917017,4080392,0,0,34,0.0,4.888789679422001,0.0,0.0,0.0,0.0,0.0,0.0,0.0
192157594,4080392,0,0,18,0.0,4.058813890331201,1.584962500721156,0.0,0.0,0.0,0.0,0.0,0.0
194418587,4080392,0,0,42,0.0,4.802915339393917,0.0,0.0,0.0,0.0,0.0,0.0,0.0
214325150,4080392,0,0,9,0.0,2.6416041678685933,0.0,0.0,0.0,0.0,0.0,0.0,0.0
11286435,4080392,31,2,3,1.0,1.584962500721156,1.0,42.806451612903224,3.064516129032258,21.35483870967742,1.4627841188033817,2.983292516779689,2.1226200696581303
9451427,4080392,0,0,93,2.2990812148485507,6.06319469813502,5.43660543431788,0.0,0.0,0.0,0.0,0.0,0.0
186300323,4080392,0,0,33,0.9709505944546686,4.8625759375402735,2.321928094887362,0.0,0.0,0.0,0.0,0.0,0.0
9246630,4080392,0,0,28,1.0,4.735926350629031,1.0,0.0,0.0,0.0,0.0,0.0,0.0
160479142,4080392,0,0,14,0.9182958340544896,3.8073549220576055,1.584962500721156,0.0,0.0,0.0,0.0,0.0,0.0
212563886,4080392,0,0,16,0.0,3.577819531114783,0.0,0.0,0.0,0.0,0.0,0.0,0.0
185522096,4080392,0,0,2,0.0,1.0,0.0,0.0,0.0,0.0,0.0,0.0,0.0
209319860,4080392,0,0,17,0.0,3.969815782426811,0.0,0.0,0.0,0.0,0.0,0.0,0.0
198285240,4080392,0,0,15,0.0,2.8729055953200557,0.0,0.0,0.0,0.0,0.0,0.0,0.0
205051832,4080392,0,0,4,0.0,2.0,0.0,0.0,0.0,0.0,0.0,0.0,0.0
10606526,4080392,9,1,8,1.5,3.0,2.0,71.22222222222223,6.222222222222222,23.333333333333332,1.8209558606281386,3.040274554919046,2.221547852923324
211392448,4080392,0,0,48,0.0,4.959962500721159,0.0,0.0,0.0,0.0,0.0,0.0,0.0
183097284,4080392,0,0,13,0.0,3.3927474104487847,0.0,0.0,0.0,0.0,0.0,0.0,0.0
146610122,4080392,20,1,5,0.0,2.321928094887362,1.0,57.15,3.9,18.15,1.347409022215556,2.8124695048241533,1.9575695199626708
210409425,4080392,0,0,82,0.0,4.655702004695665,0.0,0.0,0.0,0.0,0.0,0.0,0.0
188651474,4080392,0,0,35,0.0,5.072140159802107,0.0,0.0,0.0,0.0,0.0,0.0,0.0
182548435,4080392,0,0,28,0.8112781244591328,4.66449777920046,2.0,0.0,0.0,0.0,0.0,0.0,0.0
195581918,4080392,0,0,4,0.0,2.0,0.0,0.0,0.0,0.0,0.0,0.0,0.0
199489503,4080392,0,0,40,0.0,4.803055907333277,0.0,0.0,0.0,0.0,0.0,0.0,0.0
190601185,4080392,0,0,4,0.0,2.0,0.0,0.0,0.0,0.0,0.0,0.0,0.0
4298729,4080392,47,2,6,0.8112781244591328,2.584962500721156,2.0,45.91489361702128,2.617021276595745,17.19148936170213,1.4193284558121086,3.0921387011605725,2.1078915779498737
8189935,4080392,16,1,4,0.8112781244591328,2.0,2.0,53.625,4.0625,18.125,1.228408513046785,2.7692431138908367,1.887613970496953
134690802,4080392,0,0,35,1.5219280948873621,4.550292659616668,2.321928094887362,0.0,0.0,0.0,0.0,0.0,0.0
203380723,4080392,0,0,164,0.0,5.717129091500674,0.0,0.0,0.0,0.0,0.0,0.0,0.0
27695092,4080392,17,1,3,1.584962500721156,1.584962500721156,1.584962500721156,58.64705882352941,4.529411764705882,27.235294117647058,1.731204496220036,3.199968961726646,2.3490036917796435
101210102,4080392,0,0,35,0.8112781244591328,4.957854445516392,2.0,0.0,0.0,0.0,0.0,0.0,0.0
183711745,4080392,0,0,32,0.0,4.875,0.0,0.0,0.0,0.0,0.0,0.0,0.0
183400476,4080392,0,0,63,0.0,5.4651424233968955,0.0,0.0,0.0,0.0,0.0,0.0,0.0
197277725,4080392,0,0,14,0.0,3.8073549220576055,0.0,0.0,0.0,0.0,0.0,0.0,0.0
152238112,4080392,0,0,38,0.0,5.037401197654114,0.0,0.0,0.0,0.0,0.0,0.0,0.0
190674976,4080392,0,0,21,0.0,4.39231742277876,0.0,0.0,0.0,0.0,0.0,0.0,0.0
13039648,4080392,0,0,27,0.0,4.6808134280893965,0.0,0.0,0.0,0.0,0.0,0.0,0.0
10041378,4080392,0,0,80,1.672933031873368,5.92805590733327,3.459431618637298,0.0,0.0,0.0,0.0,0.0,0.0
11696167,4080392,0,0,9,1.9182958340544896,3.169925001442312,2.584962500721156,0.0,0.0,0.0,0.0,0.0,0.0
8230957,4080392,0,0,25,0.6500224216483541,4.213660689688185,2.2516291673878226,0.0,0.0,0.0,0.0,0.0,0.0
19183661,4080392,0,0,61,1.188721875540867,5.676478730934574,3.418295834054489,0.0,0.0,0.0,0.0,0.0,0.0
213596210,4080392,0,0,7,0.0,2.8073549220576046,0.0,0.0,0.0,0.0,0.0,0.0,0.0
62289982,4080392,0,0,1,0.0,0.0,0.0,0.0,0.0,0.0,0.0,0.0,0.0
11106367,4080392,0,0,64,0.0,5.194319956104106,0.0,0.0,0.0,0.0,0.0,0.0,0.0
5208129,4080392,0,0,21,1.9219280948873623,4.39231742277876,2.321928094887362,0.0,0.0,0.0,0.0,0.0,0.0
184440898,4080392,0,0,3,0.0,1.584962500721156,0.0,0.0,0.0,0.0,0.0,0.0,0.0
19167301,4080392,0,0,59,0.9912642605354289,5.346177211151613,3.7004397181410926,0.0,0.0,0.0,0.0,0.0,0.0
12654663,4080392,50,2,21,2.8073549220576046,3.8394774001865306,2.8073549220576046,46.64,2.56,25.46,1.3058379789033108,3.5171703245777377,2.240881942118983
6191176,4080392,0,0,13,0.0,3.085055102756477,0.0,0.0,0.0,0.0,0.0,0.0,0.0
198744137,4080392,0,0,106,0.0,5.9493419167048796,0.0,0.0,0.0,0.0,0.0,0.0,0.0
200292427,4080392,0,0,28,0.0,4.423251796980336,0.0,0.0,0.0,0.0,0.0,0.0,0.0
2685007,4080392,0,0,116,2.1197853832250932,5.749332772240027,5.044394119358456,0.0,0.0,0.0,0.0,0.0,0.0
213317715,4080392,0,0,33,0.0,4.3276824692250235,0.0,0.0,0.0,0.0,0.0,0.0,0.0
30906452,4080392,0,0,3,0.0,1.584962500721156,0.0,0.0,0.0,0.0,0.0,0.0,0.0
69900372,4080392,27,1,7,1.5,2.8073549220576046,2.0,52.25925925925926,3.1481481481481484,18.333333333333332,1.440105563564415,2.9838705552312863,2.078500871317525
197654622,4080392,0,0,61,0.0,5.676478730934573,0.0,0.0,0.0,0.0,0.0,0.0,0.0
195999839,4080392,0,0,20,0.8112781244591328,4.221928094887362,2.0,0.0,0.0,0.0,0.0,0.0,0.0
100407392,4080392,0,0,34,2.2810361125534233,4.947613208833766,4.169925001442313,0.0,0.0,0.0,0.0,0.0,0.0
3766371,4080392,0,0,82,3.0220552088742,4.899604443720055,3.584962500721156,0.0,0.0,0.0,0.0,0.0,0.0
205502565,4080392,0,0,33,0.0,4.513794876803093,0.0,0.0,0.0,0.0,0.0,0.0,0.0
184719471,4080392,22,1,4,0.0,2.0,0.0,49.68181818181818,3.090909090909091,23.681818181818183,1.1250267040568045,3.413845442661729,2.2304519855456983
111786112,4080392,0,0,6,0.0,2.584962500721156,0.0,0.0,0.0,0.0,0.0,0.0,0.0
11810945,4080392,0,0,75,2.5637169871277963,5.001630690265117,4.142664355548851,0.0,0.0,0.0,0.0,0.0,0.0
140900482,4080392,0,0,5,0.0,2.321928094887362,0.0,0.0,0.0,0.0,0.0,0.0,0.0
193886344,4080392,0,0,8,0.0,3.0,1.584962500721156,0.0,0.0,0.0,0.0,0.0,0.0
187136138,4080392,0,0,61,0.0,5.492132624412663,0.0,0.0,0.0,0.0,0.0,0.0,0.0
203364500,4080392,0,0,9,0.0,2.94770277922009,0.0,0.0,0.0,0.0,0.0,0.0,0.0
74586262,4080392,16,1,17,2.054585169337799,4.08746284125034,3.584962500721156,53.625,4.0625,17.3125,1.1507018227418684,2.6387766863126902,1.7885538142018809
128841882,4080392,0,0,25,1.5510981710072647,4.453660689688184,3.584962500721156,0.0,0.0,0.0,0.0,0.0,0.0
187971738,4080392,0,0,102,0.0,6.043611954839953,0.0,0.0,0.0,0.0,0.0,0.0,0.0
148330652,4080392,0,0,54,1.7004397181410922,5.60673935401532,3.7004397181410926,0.0,0.0,0.0,0.0,0.0,0.0
189036705,4080392,0,0,21,0.0,4.297079327540665,0.0,0.0,0.0,0.0,0.0,0.0,0.0
31611042,4080392,0,0,118,0.8112781244591328,6.268206664073548,2.0,0.0,0.0,0.0,0.0,0.0,0.0
206313641,4080392,0,0,15,0.0,3.906890595608518,0.0,0.0,0.0,0.0,0.0,0.0,0.0
40384692,4080392,17,2,20,1.6140054628542202,3.9841837197791885,3.584962500721156,35.529411764705884,3.0588235294117645,18.294117647058822,1.0321555857090023,3.119717087010191,1.9218091970189695
12679354,4080392,0,0,2,0.0,1.0,0.0,0.0,0.0,0.0,0.0,0.0,0.0
3971263,4080392,25,2,6,1.0,2.584962500721156,1.0,37.16,2.92,17.44,1.1030181729626003,2.4763642640856567,1.8033404841850795
198613185,4080392,0,0,36,0.0,4.781036112553421,0.0,0.0,0.0,0.0,0.0,0.0,0.0
26892492,4080392,0,0,2,0.0,1.0,0.0,0.0,0.0,0.0,0.0,0.0,0.0
184957140,4080392,0,0,11,1.0,3.459431618637298,1.0,0.0,0.0,0.0,0.0,0.0,0.0
183310551,4080392,0,0,55,0.0,5.426636531627803,1.584962500721156,0.0,0.0,0.0,0.0,0.0,0.0
202881245,4080392,0,0,4,0.0,2.0,0.0,0.0,0.0,0.0,0.0,0.0,0.0
185497821,4080392,0,0,50,0.0,5.428758439731458,0.0,0.0,0.0,0.0,0.0,0.0,0.0
7887071,4080392,0,0,32,1.9182958340544893,4.875,2.584962500721156,0.0,0.0,0.0,0.0,0.0,0.0
41679072,4080392,0,0,27,1.584962500721156,4.180451390892102,1.584962500721156,0.0,0.0,0.0,0.0,0.0,0.0
214243553,4080392,0,0,8,0.0,2.75,0.0,0.0,0.0,0.0,0.0,0.0,0.0
9787624,4080392,0,0,42,2.41379956460568,4.993391529870108,3.8073549220576055,0.0,0.0,0.0,0.0,0.0,0.0
199293164,4080392,0,0,82,0.0,5.473048041045149,0.0,0.0,0.0,0.0,0.0,0.0,0.0
65435892,4080392,0,0,53,0.6500224216483541,5.458775878969036,2.584962500721156,0.0,0.0,0.0,0.0,0.0,0.0
6134007,4080392,34,2,14,1.584962500721156,3.8073549220576055,2.584962500721156,46.0,2.9411764705882355,18.91176470588235,1.1632672911070512,3.107379120098211,1.8559984778106624
40712442,4080392,0,0,7,1.0,2.8073549220576046,1.0,0.0,0.0,0.0,0.0,0.0,0.0
5511418,4080392,0,0,49,1.7924812503605778,4.75647009299255,2.584962500721156,0.0,0.0,0.0,0.0,0.0,0.0
14391551,4080392,0,0,6,0.0,2.584962500721156,0.0,0.0,0.0,0.0,0.0,0.0,0.0
120150272,4080392,22,1,3,0.0,1.584962500721156,0.0,49.68181818181818,3.090909090909091,23.727272727272727,1.1250267040568045,3.43271078353804,2.2304519855456983
184064259,4080392,0,0,9,0.0,3.169925001442312,0.0,0.0,0.0,0.0,0.0,0.0,0.0
207059207,4080392,0,0,19,0.0,3.9976702764876153,0.0,0.0,0.0,0.0,0.0,0.0,0.0
14424330,4080392,0,0,71,0.9182958340544896,5.616306232449364,1.584962500721156,0.0,0.0,0.0,0.0,0.0,0.0
4552975,4080392,28,2,11,0.9852281360342516,3.459431618637298,2.8073549220576046,46.107142857142854,3.392857142857143,20.75,1.3456109629248691,2.690866330696827,1.8711439304443622
2595088,4080392,0,0,33,3.182005814760214,4.369707376737534,3.6644977792004623,0.0,0.0,0.0,0.0,0.0,0.0
213727516,4080392,0,0,28,0.0,3.708966082694623,0.0,0.0,0.0,0.0,0.0,0.0,0.0
183220511,4080392,0,0,56,0.0,5.458966082694627,0.0,0.0,0.0,0.0,0.0,0.0,0.0
199276833,4080392,0,0,54,0.0,5.467669446527783,0.0,0.0,0.0,0.0,0.0,0.0,0.0
200120609,4080392,0,0,51,0.0,5.397915538049931,0.0,0.0,0.0,0.0,0.0,0.0,0.0
195180837,4080392,0,0,23,0.0,4.523561956057013,1.0,0.0,0.0,0.0,0.0,0.0,0.0
214694181,4080392,0,0,28,0.0,4.392724905113431,0.0,0.0,0.0,0.0,0.0,0.0,0.0
191011112,4080392,0,0,9,0.0,3.169925001442312,0.0,0.0,0.0,0.0,0.0,0.0,0.0
184949033,4080392,0,0,30,0.0,4.681727678869737,2.584962500721156,0.0,0.0,0.0,0.0,0.0,0.0
198400299,4080392,0,0,2,0.0,1.0,0.0,0.0,0.0,0.0,0.0,0.0,0.0
182778155,4080392,0,0,112,0.0,5.533218989876907,0.0,0.0,0.0,0.0,0.0,0.0,0.0
8337710,4080392,0,0,44,1.5,5.21500235722449,2.0,0.0,0.0,0.0,0.0,0.0,0.0
191953200,4080392,0,0,21,0.0,4.106603137064474,0.0,0.0,0.0,0.0,0.0,0.0,0.0
183286069,4080392,0,0,19,0.9182958340544896,4.142664355548851,1.584962500721156,0.0,0.0,0.0,0.0,0.0,0.0
196434229,4080392,0,0,22,0.0,4.368522527728205,0.0,0.0,0.0,0.0,0.0,0.0,0.0
195131703,4080392,0,0,83,0.0,5.157239354002064,0.0,0.0,0.0,0.0,0.0,0.0,0.0
14440761,4080392,0,0,1,0.0,0.0,0.0,0.0,0.0,0.0,0.0,0.0,0.0
138680642,4080392,0,0,11,0.0,3.459431618637298,0.0,0.0,0.0,0.0,0.0,0.0,0.0
190921026,4080392,0,0,11,0.0,3.459431618637298,0.0,0.0,0.0,0.0,0.0,0.0,0.0
145799492,4080392,0,0,123,0.0,6.582639200408415,0.0,0.0,0.0,0.0,0.0,0.0,0.0
213604679,4080392,0,0,34,0.0,3.4609049321677956,0.0,0.0,0.0,0.0,0.0,0.0,0.0
159856972,4080392,24,1,8,1.0,3.0,2.584962500721156,59.416666666666664,3.7083333333333335,19.125,1.43412312981011,3.2385867763225917,2.064440317601775
196524365,4080392,0,0,19,0.0,4.247927513443588,0.0,0.0,0.0,0.0,0.0,0.0,0.0
183605587,4080392,0,0,44,0.0,4.970573095811684,0.0,0.0,0.0,0.0,0.0,0.0,0.0
1612116,4080392,0,0,62,3.2943360657504512,5.671780584510632,4.807354922057602,0.0,0.0,0.0,0.0,0.0,0.0
205961563,4080392,0,0,20,0.0,3.984183719779189,0.0,0.0,0.0,0.0,0.0,0.0,0.0
3750240,4080392,31,2,2,0.0,1.0,0.0,42.806451612903224,3.064516129032258,21.387096774193548,1.4950421833195107,3.002162274867468,2.1548781341742593
12122469,4080392,9,1,1,0.0,0.0,0.0,71.22222222222223,6.222222222222222,24.11111111111111,1.9876225272948054,3.373607888252379,2.443770075145546
211057003,4080392,0,0,54,0.0,5.3055419001914235,0.0,0.0,0.0,0.0,0.0,0.0,0.0
4438382,4080392,0,0,37,1.0408520829727552,5.209453365628954,3.584962500721156,0.0,0.0,0.0,0.0,0.0,0.0
13351280,4080392,59,4,27,3.180832987205441,4.504706483564823,3.7004397181410926,39.355932203389834,2.4745762711864407,27.93220338983051,1.2228193449937967,3.3061091107501097,2.1216203001219
4102513,4080392,0,0,58,0.7219280948873623,5.513153408920673,2.321928094887362,0.0,0.0,0.0,0.0,0.0,0.0
215906674,4080392,0,0,42,0.0,4.363286923996056,0.0,0.0,0.0,0.0,0.0,0.0,0.0
195598710,4080392,0,0,31,1.75,4.760647923290102,3.0,0.0,0.0,0.0,0.0,0.0,0.0
65427832,4080392,16,1,32,0.0,3.0,1.584962500721156,59.125,4.3125,38.75,1.7408541798113388,3.9723152610167425,2.746115387181242
36772222,4080392,0,0,16,0.0,3.875,1.584962500721156,0.0,0.0,0.0,0.0,0.0,0.0
200440191,4080392,0,0,9,0.0,2.94770277922009,0.0,0.0,0.0,0.0,0.0,0.0,0.0
25074052,4080392,0,0,17,2.1556390622295662,4.08746284125034,3.0,0.0,0.0,0.0,0.0,0.0,0.0
142875012,4080392,20,1,6,0.0,2.584962500721156,2.321928094887362,57.15,3.9,18.1,1.347409022215556,2.7993177845324637,1.8914731152183026
189766026,4080392,0,0,14,0.0,3.6644977792004623,0.0,0.0,0.0,0.0,0.0,0.0,0.0
206272912,4080392,0,0,27,0.0,4.504706483564823,0.0,0.0,0.0,0.0,0.0,0.0,0.0
198187413,4080392,0,0,75,0.0,5.665289857076016,0.0,0.0,0.0,0.0,0.0,0.0,0.0
191814040,4080392,0,0,12,0.6500224216483541,3.584962500721156,2.584962500721156,0.0,0.0,0.0,0.0,0.0,0.0
203798936,4080392,0,0,174,0.0,5.848449620008352,0.0,0.0,0.0,0.0,0.0,0.0,0.0
201030042,4080392,0,0,113,0.0,6.004134719861531,0.0,0.0,0.0,0.0,0.0,0.0,0.0
102545822,4080392,0,0,56,0.0,5.735926350629037,1.584962500721156,0.0,0.0,0.0,0.0,0.0,0.0
202611105,4080392,0,0,183,0.0,6.431654071462017,0.0,0.0,0.0,0.0,0.0,0.0,0.0
67713442,4080392,0,0,8,0.0,2.75,0.0,0.0,0.0,0.0,0.0,0.0,0.0
6576545,4080392,0,0,13,0.0,3.5465935642949384,0.0,0.0,0.0,0.0,0.0,0.0,0.0
125278632,4080392,27,1,1,0.0,0.0,0.0,52.25925925925926,3.1481481481481484,18.555555555555557,1.4956611191199707,3.087846663455642,2.1525749453915988
191764905,4080392,0,0,31,0.0,4.825164052322361,2.584962500721156,0.0,0.0,0.0,0.0,0.0,0.0
194787754,4080392,16,1,19,0.0,4.142664355548851,0.0,59.125,4.3125,39.5625,1.7408541798113388,3.900898738794939,2.845175543476314
213203369,4080392,0,0,10,0.0,2.8464393446710154,0.0,0.0,0.0,0.0,0.0,0.0,0.0
14621108,4080392,0,0,16,0.0,2.5,0.0,0.0,0.0,0.0,0.0,0.0,0.0
209050039,4080392,0,0,22,0.0,4.061482186720775,0.0,0.0,0.0,0.0,0.0,0.0,0.0
196270527,4080392,0,0,114,0.0,5.911158378904891,0.0,0.0,0.0,0.0,0.0,0.0,0.0
178346432,4080392,0,0,8,0.0,3.0,0.0,0.0,0.0,0.0,0.0,0.0,0.0
11049410,4080392,0,0,24,1.5709505944546687,4.386842188131012,3.321928094887362,0.0,0.0,0.0,0.0,0.0,0.0
37534152,4080392,0,0,14,1.0,3.8073549220576055,1.0,0.0,0.0,0.0,0.0,0.0,0.0
37239242,4080392,0,0,12,0.0,3.584962500721156,1.0,0.0,0.0,0.0,0.0,0.0,0.0
198113740,4080392,0,0,16,0.0,3.75,0.0,0.0,0.0,0.0,0.0,0.0,0.0
188340685,4080392,0,0,42,0.0,5.344698375159714,0.0,0.0,0.0,0.0,0.0,0.0,0.0
190323151,4080392,0,0,16,0.0,4.0,0.0,0.0,0.0,0.0,0.0,0.0,0.0
1464786,4080392,16,1,101,3.577975534194985,5.814912836377784,5.90625,48.1875,3.75,13.5625,1.0005862250203186,2.1581453419422436,1.5093347567535695
9648597,4080392,0,0,13,2.321928094887362,3.7004397181410926,2.321928094887362,0.0,0.0,0.0,0.0,0.0,0.0
140138972,4080392,0,0,38,1.0,4.942410658853145,1.0,0.0,0.0,0.0,0.0,0.0,0.0
14219747,4080392,0,0,17,1.9609640474436814,3.734521664779752,3.321928094887362,0.0,0.0,0.0,0.0,0.0,0.0
6486499,4080392,0,0,41,2.121928094887362,4.88170383378084,3.321928094887362,0.0,0.0,0.0,0.0,0.0,0.0
12196324,4080392,27,1,3,1.0,1.584962500721156,1.0,46.18518518518518,2.4814814814814814,31.703703703703702,1.328386561752752,3.870519975319099,2.483293239379404
196475374,4080392,0,0,12,0.0,3.584962500721156,0.0,0.0,0.0,0.0,0.0,0.0,0.0
12466671,4080392,31,2,10,1.3787834934861756,3.321928094887362,2.8073549220576046,50.70967741935484,3.2903225806451615,16.193548387096776,1.3111996558565104,3.0340144386276933,1.9891621033545408
200432110,4080392,0,0,45,0.0,5.2696308741074525,0.0,0.0,0.0,0.0,0.0,0.0,0.0
192199155,4080392,0,0,41,0.0,5.259991029008325,1.0,0.0,0.0,0.0,0.0,0.0,0.0
40049142,4080392,0,0,61,1.4466166676282082,5.623280165396269,3.169925001442312,0.0,0.0,0.0,0.0,0.0,0.0
20683261,4080392,0,0,13,1.9219280948873623,3.085055102756477,2.321928094887362,0.0,0.0,0.0,0.0,0.0,0.0
157579782,4080392,0,0,6,1.0,2.584962500721156,1.0,0.0,0.0,0.0,0.0,0.0,0.0
212171271,4080392,0,0,20,0.0,3.546439344671015,0.0,0.0,0.0,0.0,0.0,0.0,0.0
6822409,4080392,0,0,110,1.994680368408909,6.167279031509804,4.735926350629031,0.0,0.0,0.0,0.0,0.0,0.0
197179915,4080392,0,0,51,0.0,5.052628469923719,0.0,0.0,0.0,0.0,0.0,0.0,0.0
198539791,4080392,0,0,8,0.0,3.0,0.0,0.0,0.0,0.0,0.0,0.0,0.0
3349012,4080392,0,0,19,0.0,4.142664355548851,0.0,0.0,0.0,0.0,0.0,0.0,0.0
161782292,4080392,16,1,32,1.3752793655393791,4.663909765557392,3.773557262275185,57.375,4.1875,32.3125,1.7853767139038812,3.797000989069759,2.6128256426221443
11581973,4080392,0,0,5,0.0,2.321928094887362,0.0,0.0,0.0,0.0,0.0,0.0,0.0
204446244,4080392,0,0,10,0.0,2.8464393446710154,0.0,0.0,0.0,0.0,0.0,0.0,0.0
9484840,4080392,0,0,44,1.8423709931771088,5.232158891364569,2.8073549220576046,0.0,0.0,0.0,0.0,0.0,0.0
8583721,4080392,20,1,1,0.0,0.0,0.0,51.6,3.35,20.75,1.3035781652119733,3.3474027927756054,2.2613975941866826
213097007,4080392,0,0,8,0.0,2.75,0.0,0.0,0.0,0.0,0.0,0.0,0.0
9263671,4080392,16,1,136,2.9874058290851195,5.106389885623715,5.237874017784353,57.375,4.1875,25.8125,1.6846188099322719,3.769345981565614,2.5213058454028214
47356472,4080392,0,0,1,0.0,0.0,0.0,0.0,0.0,0.0,0.0,0.0,0.0
213776957,4080392,0,0,7,0.0,2.5216406363433186,0.0,0.0,0.0,0.0,0.0,0.0,0.0
202160711,4080392,0,0,8,0.0,2.75,0.0,0.0,0.0,0.0,0.0,0.0,0.0
13867591,4080392,0,0,110,1.194173734256912,5.860238690502374,4.169925001442313,0.0,0.0,0.0,0.0,0.0,0.0
7813716,4080392,0,0,4,1.0,2.0,1.0,0.0,0.0,0.0,0.0,0.0,0.0
215292501,4080392,0,0,37,0.0,4.3843364733862265,0.0,0.0,0.0,0.0,0.0,0.0,0.0
147954262,4080392,0,0,16,0.0,3.75,0.0,0.0,0.0,0.0,0.0,0.0,0.0
202873443,4080392,0,0,17,0.0,3.969815782426811,0.0,0.0,0.0,0.0,0.0,0.0,0.0
187447909,4080392,0,0,93,3.1602337990347382,6.0660405315381425,5.087462841250338,0.0,0.0,0.0,0.0,0.0,0.0
36149862,4080392,0,0,8,0.0,2.75,0.0,0.0,0.0,0.0,0.0,0.0,0.0
187660907,4080392,0,0,50,0.0,5.388758439731458,0.0,0.0,0.0,0.0,0.0,0.0,0.0
186800751,4080392,0,0,1,0.0,0.0,0.0,0.0,0.0,0.0,0.0,0.0,0.0
44989042,4080392,0,0,9,0.0,2.9477027792200903,0.0,0.0,0.0,0.0,0.0,0.0,0.0
189938295,4080392,0,0,5,0.0,2.321928094887362,0.0,0.0,0.0,0.0,0.0,0.0,0.0
42334842,4080392,17,1,149,2.2856061300625727,6.710615248577489,5.0,50.411764705882355,3.9411764705882355,58.23529411764706,1.947966507987896,2.900238829202076,2.691975846707825
68999802,4080392,0,0,26,0.9182958340544896,4.315824333525707,1.584962500721156,0.0,0.0,0.0,0.0,0.0,0.0
211548798,4080392,0,0,29,0.0,4.31971753049182,0.0,0.0,0.0,0.0,0.0,0.0,0.0
192412287,4080392,0,0,7,0.0,2.8073549220576046,0.0,0.0,0.0,0.0,0.0,0.0,0.0
14449281,4080392,20,1,18,1.0,2.967064753975466,1.0,50.75,3.7,21.05,1.3859106044831278,2.811836943843095,2.010911694284165
192010882,4080392,0,0,51,0.0,5.131059842472738,1.0,0.0,0.0,0.0,0.0,0.0,0.0
213908104,4080392,0,0,8,0.0,2.75,0.0,0.0,0.0,0.0,0.0,0.0,0.0
183638668,4080392,0,0,32,0.0,4.9375,0.0,0.0,0.0,0.0,0.0,0.0,0.0
191773326,4080392,0,0,68,0.0,5.640925665123868,0.0,0.0,0.0,0.0,0.0,0.0,0.0
110320272,4080392,0,0,31,0.0,4.191245198954513,0.0,0.0,0.0,0.0,0.0,0.0,0.0
12417691,4080392,0,0,24,1.3709505944546687,4.418295834054489,1.9219280948873623,0.0,0.0,0.0,0.0,0.0,0.0
209631900,4080392,0,0,34,0.0,3.769561802804052,0.0,0.0,0.0,0.0,0.0,0.0,0.0
208173726,4080392,0,0,21,0.0,4.201841232302569,0.0,0.0,0.0,0.0,0.0,0.0,0.0
187980448,4080392,0,0,52,0.0,5.416691881561028,0.0,0.0,0.0,0.0,0.0,0.0,0.0
8247972,4080392,0,0,42,0.8658566174572235,5.07065611315193,3.459431618637298,0.0,0.0,0.0,0.0,0.0,0.0
5241509,4080392,24,1,11,1.836591668108979,3.459431618637298,3.169925001442312,59.416666666666664,3.7083333333333335,19.0,1.3992651436389025,3.219443792212705,2.0400668800717265
207633064,4080392,0,0,29,0.0,4.111378082906772,0.0,0.0,0.0,0.0,0.0,0.0,0.0
127204012,4080392,0,0,235,1.2439904575514165,6.825866530510553,4.4838561897747224,0.0,0.0,0.0,0.0,0.0,0.0
205609657,4080392,0,0,84,0.0,5.104067429819658,0.0,0.0,0.0,0.0,0.0,0.0,0.0
211499708,4080392,0,0,148,0.0,5.7745520662095995,0.0,0.0,0.0,0.0,0.0,0.0,0.0
199785152,4080392,0,0,39,0.0,5.0802740137340425,0.0,0.0,0.0,0.0,0.0,0.0,0.0
60840642,4080392,0,0,5,0.9182958340544896,2.321928094887362,1.584962500721156,0.0,0.0,0.0,0.0,0.0,0.0
8510146,4080392,0,0,13,0.6500224216483541,3.7004397181410926,2.584962500721156,0.0,0.0,0.0,0.0,0.0,0.0
60054212,4080392,0,0,33,0.0,4.453188816197032,0.0,0.0,0.0,0.0,0.0,0.0,0.0
197122760,4080392,0,0,15,0.0,3.589898095464287,0.0,0.0,0.0,0.0,0.0,0.0,0.0
183204553,4080392,0,0,14,0.0,3.521640636343319,0.0,0.0,0.0,0.0,0.0,0.0,0.0
11434702,4080392,0,0,40,1.4885252948977485,4.730640983527282,3.7004397181410926,0.0,0.0,0.0,0.0,0.0,0.0
199498447,4080392,0,0,26,0.0,4.623516641218014,0.0,0.0,0.0,0.0,0.0,0.0,0.0
8198866,4080392,0,0,21,2.5220552088742005,4.297079327540665,3.584962500721156,0.0,0.0,0.0,0.0,0.0,0.0
206658263,4080392,0,0,127,0.0,6.133815198344683,0.0,0.0,0.0,0.0,0.0,0.0,0.0
198146780,4080392,0,0,30,0.0,4.256564762130955,0.0,0.0,0.0,0.0,0.0,0.0,0.0
213318364,4080392,0,0,15,0.0,3.640223928941851,0.0,0.0,0.0,0.0,0.0,0.0,0.0
143137502,4080392,20,1,1,0.0,0.0,0.0,57.15,3.9,18.35,1.347409022215556,2.9285659095685217,2.007569519962671
188553950,4080392,0,0,64,0.0,5.3754036179525455,0.0,0.0,0.0,0.0,0.0,0.0,0.0
197827307,4080392,0,0,3,0.0,1.584962500721156,0.0,0.0,0.0,0.0,0.0,0.0,0.0
69884652,4080392,0,0,7,0.0,2.8073549220576046,0.0,0.0,0.0,0.0,0.0,0.0,0.0
11811569,4080392,0,0,75,2.544870467675263,6.148818690495891,4.906890595608519,0.0,0.0,0.0,0.0,0.0,0.0
195386097,4080392,0,0,8,0.0,3.0,0.0,0.0,0.0,0.0,0.0,0.0,0.0
159750902,4080392,0,0,5,0.0,2.321928094887362,0.0,0.0,0.0,0.0,0.0,0.0,0.0
7994103,4080392,0,0,29,1.6577427265048887,4.0472990984266435,3.169925001442312,0.0,0.0,0.0,0.0,0.0,0.0
188357367,4080392,0,0,20,0.0,4.221928094887362,1.0,0.0,0.0,0.0,0.0,0.0,0.0
207862525,4080392,0,0,22,0.0,4.1523912776298655,0.0,0.0,0.0,0.0,0.0,0.0,0.0
113138432,4080392,0,0,53,2.2841591278514217,5.539241209280178,3.584962500721156,0.0,0.0,0.0,0.0,0.0,0.0
211417859,4080392,0,0,41,0.0,4.16709748493092,0.0,0.0,0.0,0.0,0.0,0.0,0.0
118389512,4080392,0,0,5,0.0,2.321928094887362,0.0,0.0,0.0,0.0,0.0,0.0,0.0
208313097,4080392,0,0,21,0.0,4.165894208390023,0.0,0.0,0.0,0.0,0.0,0.0,0.0
1276683,4080392,0,0,40,1.5577277787393193,5.3219280948873635,4.169925001442313,0.0,0.0,0.0,0.0,0.0,0.0
163060492,4080392,0,0,1,0.0,0.0,0.0,0.0,0.0,0.0,0.0,0.0,0.0
130095892,4080392,0,0,30,0.0,4.523231428797621,0.0,0.0,0.0,0.0,0.0,0.0,0.0
130448152,4080392,0,0,32,0.0,3.8993974703476995,0.0,0.0,0.0,0.0,0.0,0.0,0.0
190970650,4080392,0,0,41,1.5219280948873621,4.61593317640914,2.321928094887362,0.0,0.0,0.0,0.0,0.0,0.0
187456287,4080392,0,0,43,0.0,4.9260374290200755,1.0,0.0,0.0,0.0,0.0,0.0,0.0
4987684,4080392,0,0,15,1.3787834934861756,3.7735572622751845,2.8073549220576046,0.0,0.0,0.0,0.0,0.0,0.0
206412582,4080392,0,0,55,0.0,4.781004258821858,0.0,0.0,0.0,0.0,0.0,0.0,0.0
80526122,4080392,0,0,18,0.9182958340544896,3.7946534735443422,1.584962500721156,0.0,0.0,0.0,0.0,0.0,0.0
195296042,4080392,0,0,24,0.0,4.16829583405449,1.584962500721156,0.0,0.0,0.0,0.0,0.0,0.0
121715502,4080392,22,1,3,0.0,1.584962500721156,0.0,49.68181818181818,3.090909090909091,23.727272727272727,1.1250267040568045,3.43271078353804,2.2304519855456983
209574706,4080392,0,0,23,0.0,3.4952365449960037,0.0,0.0,0.0,0.0,0.0,0.0,0.0
60578612,4080392,0,0,12,0.0,3.584962500721156,0.0,0.0,0.0,0.0,0.0,0.0,0.0
206723893,4080392,0,0,12,0.0,3.584962500721156,0.0,0.0,0.0,0.0,0.0,0.0,0.0
188037956,4080392,0,0,58,0.0,5.547636167541365,1.0,0.0,0.0,0.0,0.0,0.0,0.0
8788805,4080392,0,0,2,0.0,1.0,0.0,0.0,0.0,0.0,0.0,0.0,0.0
71285572,4080392,0,0,20,1.1488348542809168,4.1219280948873624,2.8073549220576046,0.0,0.0,0.0,0.0,0.0,0.0
187341638,4080392,0,0,21,0.0,4.201841232302569,0.0,0.0,0.0,0.0,0.0,0.0,0.0
205978452,4080392,0,0,13,0.0,3.180832987205441,0.0,0.0,0.0,0.0,0.0,0.0,0.0
184744789,4080392,0,0,82,0.0,6.086031730148691,0.0,0.0,0.0,0.0,0.0,0.0,0.0
201497431,4080392,0,0,20,0.0,3.6414460711655217,0.0,0.0,0.0,0.0,0.0,0.0,0.0
127794012,4080392,0,0,36,0.0,4.725480556997867,0.0,0.0,0.0,0.0,0.0,0.0,0.0
1153885,4080392,0,0,1,0.0,0.0,0.0,0.0,0.0,0.0,0.0,0.0,0.0
4291421,4080392,0,0,46,0.0,5.246281792966501,0.0,0.0,0.0,0.0,0.0,0.0,0.0
213433182,4080392,0,0,9,0.0,2.94770277922009,0.0,0.0,0.0,0.0,0.0,0.0,0.0
212646755,4080392,0,0,51,0.0,4.793824649673975,0.0,0.0,0.0,0.0,0.0,0.0,0.0
182942565,4080392,0,0,11,0.0,3.459431618637298,0.0,0.0,0.0,0.0,0.0,0.0,0.0
184343399,4080392,0,0,48,2.4137995646056805,5.4599625007211605,3.8073549220576055,0.0,0.0,0.0,0.0,0.0,0.0
4545386,4080392,0,0,24,2.130926080730337,4.501629167387823,4.08746284125034,0.0,0.0,0.0,0.0,0.0,0.0
39615342,4080392,0,0,85,0.0,5.301873695109262,0.0,0.0,0.0,0.0,0.0,0.0,0.0
186350452,4080392,0,0,29,0.0,4.789015477886192,0.0,0.0,0.0,0.0,0.0,0.0,0.0
9583477,4080392,0,0,10,2.0,3.321928094887362,2.0,0.0,0.0,0.0,0.0,0.0,0.0
154270582,4080392,0,0,6,0.0,2.584962500721156,0.0,0.0,0.0,0.0,0.0,0.0,0.0
213277559,4080392,0,0,12,0.0,3.188721875540867,0.0,0.0,0.0,0.0,0.0,0.0,0.0
169540472,4080392,0,0,1,0.0,0.0,0.0,0.0,0.0,0.0,0.0,0.0,0.0
188210049,4080392,0,0,11,1.1488348542809168,3.459431618637298,2.8073549220576046,0.0,0.0,0.0,0.0,0.0,0.0
51485572,4080392,0,0,13,0.0,3.5465935642949384,0.0,0.0,0.0,0.0,0.0,0.0,0.0
2653067,4080392,0,0,52,0.9852281360342516,5.4936149584841045,2.8073549220576046,0.0,0.0,0.0,0.0,0.0,0.0
197000083,4080392,0,0,24,0.0,4.251629167387823,0.0,0.0,0.0,0.0,0.0,0.0,0.0
202685332,4080392,0,0,122,0.0,5.401392204213306,0.0,0.0,0.0,0.0,0.0,0.0,0.0
196148121,4080392,0,0,65,0.6500224216483541,5.537602043731119,2.584962500721156,0.0,0.0,0.0,0.0,0.0,0.0
195705754,4080392,0,0,31,0.0,4.82516405232236,0.0,0.0,0.0,0.0,0.0,0.0,0.0
191093661,4080392,0,0,4,0.0,2.0,1.0,0.0,0.0,0.0,0.0,0.0,0.0
188914589,4080392,0,0,59,1.3752793655393791,5.077392625559686,3.906890595608518,0.0,0.0,0.0,0.0,0.0,0.0
5995427,4080392,22,1,26,1.949137865273585,4.469670487371861,4.169925001442313,49.68181818181818,3.090909090909091,22.681818181818183,1.0364295283625506,3.301587693235734,2.0409099400255934
67976102,4080392,0,0,21,0.9182958340544896,3.8394774001865306,1.584962500721156,0.0,0.0,0.0,0.0,0.0,0.0
3709864,4080392,30,2,22,2.1556390622295662,4.368522527728205,3.0,47.5,3.2,16.833333333333332,1.0256342205785018,2.600576058832049,1.6880035011611896
16350121,4080392,0,0,13,0.9182958340544896,3.334679141051595,1.584962500721156,0.0,0.0,0.0,0.0,0.0,0.0
142564272,4080392,0,0,2,0.0,1.0,0.0,0.0,0.0,0.0,0.0,0.0,0.0
82443192,4080392,0,0,15,0.9182958340544896,3.7735572622751845,1.584962500721156,0.0,0.0,0.0,0.0,0.0,0.0
18824121,4080392,0,0,2,0.0,1.0,0.0,0.0,0.0,0.0,0.0,0.0,0.0
212589508,4080392,0,0,1,0.0,0.0,0.0,0.0,0.0,0.0,0.0,0.0,0.0
193264581,4080392,0,0,14,0.0,3.8073549220576055,0.0,0.0,0.0,0.0,0.0,0.0,0.0
202857422,4080392,0,0,38,0.0,4.964904158123497,0.0,0.0,0.0,0.0,0.0,0.0,0.0
189750223,4080392,0,0,37,0.0,4.918780730435345,0.0,0.0,0.0,0.0,0.0,0.0,0.0
11172820,4080392,34,2,3,0.9182958340544896,1.584962500721156,1.584962500721156,40.3235294117647,2.735294117647059,16.470588235294116,1.124356830915522,2.6036115764121956,1.7899094711992745
202554327,4080392,0,0,26,0.0,4.315824333525707,0.0,0.0,0.0,0.0,0.0,0.0,0.0
4692954,4080392,0,0,4,0.0,2.0,1.584962500721156,0.0,0.0,0.0,0.0,0.0,0.0
26541022,4080392,0,0,17,0.9709505944546686,4.08746284125034,2.321928094887362,0.0,0.0,0.0,0.0,0.0,0.0
7511010,4080392,41,2,51,1.8322488896002307,5.51556259687346,3.8073549220576055,46.4390243902439,2.8780487804878048,19.024390243902438,1.1379386990457117,2.9601751048624987,1.9289020390439093
183925738,4080392,0,0,17,0.0,4.08746284125034,0.0,0.0,0.0,0.0,0.0,0.0,0.0
191495153,4080392,0,0,6,0.0,2.584962500721156,1.0,0.0,0.0,0.0,0.0,0.0,0.0
13941745,4080392,0,0,13,0.8112781244591328,3.7004397181410926,2.0,0.0,0.0,0.0,0.0,0.0,0.0
111516682,4080392,73,5,4,1.0,2.0,1.0,34.12328767123287,2.095890410958904,18.671232876712327,1.225197413569877,3.094497249788879,2.0838651426148624
153033742,4080392,0,0,9,0.0,2.94770277922009,1.0,0.0,0.0,0.0,0.0,0.0,0.0
210861070,4080392,0,0,65,0.0,4.2108533379102875,0.0,0.0,0.0,0.0,0.0,0.0,0.0
55786512,4080392,27,1,32,1.2309595631140104,4.8125,3.906890595608518,46.18518518518518,2.4814814814814814,30.62962962962963,1.3198325038596403,3.750981549419883,2.3756306247272367
204176402,4080392,0,0,4,0.0,2.0,0.0,0.0,0.0,0.0,0.0,0.0,0.0
144358422,4080392,0,0,49,0.0,4.530640140466969,0.0,0.0,0.0,0.0,0.0,0.0,0.0
188333079,4080392,0,0,8,0.0,2.0,0.0,0.0,0.0,0.0,0.0,0.0,0.0
108223512,4080392,0,0,30,1.6644977792004616,4.61506101220307,2.8073549220576046,0.0,0.0,0.0,0.0,0.0,0.0
91429912,4080392,0,0,29,0.0,4.349191770915039,0.0,0.0,0.0,0.0,0.0,0.0,0.0
86326302,4080392,38,2,24,3.3446983751597124,4.501629167387823,4.39231742277876,41.71052631578947,2.473684210526316,22.0,1.0628639270294158,3.4292726105518208,2.052710762708466
95337502,4080392,0,0,13,1.584962500721156,3.7004397181410926,1.584962500721156,0.0,0.0,0.0,0.0,0.0,0.0
3963936,4080392,0,0,34,1.0,4.85216872360328,1.0,0.0,0.0,0.0,0.0,0.0,0.0
185424929,4080392,0,0,59,0.0,5.4841722865766345,0.0,0.0,0.0,0.0,0.0,0.0,0.0
211000350,4080392,0,0,37,0.0,4.6689128250884115,0.0,0.0,0.0,0.0,0.0,0.0,0.0
205700131,4080392,0,0,12,0.0,3.584962500721156,0.0,0.0,0.0,0.0,0.0,0.0,0.0
206937121,4080392,0,0,29,0.0,4.180343600148151,0.0,0.0,0.0,0.0,0.0,0.0,0.0
113277992,4080392,0,0,21,1.7924812503605778,4.39231742277876,2.584962500721156,0.0,0.0,0.0,0.0,0.0,0.0
192592937,4080392,0,0,15,0.0,3.906890595608518,1.584962500721156,0.0,0.0,0.0,0.0,0.0,0.0
67591212,4080392,0,0,18,2.0403733936884962,4.169925001442313,3.459431618637298,0.0,0.0,0.0,0.0,0.0,0.0
199564341,4080392,0,0,24,0.0,3.200825794518089,0.0,0.0,0.0,0.0,0.0,0.0,0.0
208510008,4080392,0,0,56,0.0,4.847097109364441,0.0,0.0,0.0,0.0,0.0,0.0,0.0
141016122,4080392,30,2,2,1.0,1.0,1.0,47.5,3.2,17.5,1.0641555226528208,2.7128601430896557,1.754670167827856
18865211,4080392,0,0,5,0.0,2.321928094887362,0.0,0.0,0.0,0.0,0.0,0.0,0.0
213949499,4080392,0,0,76,0.0,5.1904225286761605,0.0,0.0,0.0,0.0,0.0,0.0,0.0
8150080,4080392,9,1,17,0.8112781244591328,4.08746284125034,2.0,57.22222222222222,5.111111111111111,15.777777777777779,1.445581988504282,2.9789199285026218,2.1150957273001607
177642562,4080392,0,0,17,1.0,4.08746284125034,1.0,0.0,0.0,0.0,0.0,0.0,0.0
210836548,4080392,0,0,57,0.0,4.972897908749758,0.0,0.0,0.0,0.0,0.0,0.0,0.0
202816591,4080392,0,0,51,0.0,5.250665047769011,0.0,0.0,0.0,0.0,0.0,0.0,0.0
4660303,4080392,0,0,31,0.8112781244591328,4.7362967135428935,2.0,0.0,0.0,0.0,0.0,0.0,0.0
10542167,4080392,0,0,42,0.0,4.624111172624229,0.0,0.0,0.0,0.0,0.0,0.0,0.0
159431772,4080392,0,0,23,1.789929075309999,4.349648912578752,3.2776134368191165,0.0,0.0,0.0,0.0,0.0,0.0
11951198,4080392,0,0,15,1.4466166676282082,3.640223928941851,3.169925001442312,0.0,0.0,0.0,0.0,0.0,0.0
213449822,4080392,0,0,17,0.0,3.1751231351134614,0.0,0.0,0.0,0.0,0.0,0.0,0.0
58858592,4080392,0,0,64,2.4928786893420307,5.601409765557392,4.643856189774723,0.0,0.0,0.0,0.0,0.0,0.0
153517152,4080392,0,0,14,1.0,3.8073549220576055,1.0,0.0,0.0,0.0,0.0,0.0,0.0
139648102,4080392,0,0,3,0.0,1.584962500721156,0.0,0.0,0.0,0.0,0.0,0.0,0.0
184687718,4080392,0,0,1,0.0,0.0,0.0,0.0,0.0,0.0,0.0,0.0,0.0
108182632,4080392,0,0,29,1.75,4.789015477886192,3.0,0.0,0.0,0.0,0.0,0.0,0.0
208501864,4080392,0,0,2,0.0,1.0,0.0,0.0,0.0,0.0,0.0,0.0,0.0
191405163,4080392,0,0,2,0.0,1.0,0.0,0.0,0.0,0.0,0.0,0.0,0.0
122215532,4080392,0,0,35,1.9232196723355077,4.797579003389626,4.321928094887363,0.0,0.0,0.0,0.0,0.0,0.0
186825838,4080392,0,0,19,0.0,3.747413039531643,0.0,0.0,0.0,0.0,0.0,0.0,0.0
211033199,4080392,0,0,17,0.0,3.057476076289932,0.0,0.0,0.0,0.0,0.0,0.0,0.0
201882736,4080392,0,0,8,0.0,3.0,0.0,0.0,0.0,0.0,0.0,0.0,0.0
92331122,4080392,29,2,3,0.0,1.584962500721156,1.584962500721156,42.793103448275865,2.793103448275862,19.79310344827586,1.1288409893907323,3.238168823882991,2.1050766760519064
14417011,4080392,24,2,2,0.0,1.0,1.0,39.166666666666664,3.125,50.375,1.8299104313117873,3.1272935581056056,2.624683670188704
113908852,4080392,0,0,22,0.9182958340544896,4.368522527728205,2.584962500721156,0.0,0.0,0.0,0.0,0.0,0.0
191757435,4080392,27,1,20,0.9182958340544896,4.221928094887362,1.584962500721156,46.18518518518518,2.4814814814814814,31.074074074074073,1.331412641972956,3.772854582942573,2.4616279615749166
116120712,4080392,0,0,69,0.0,5.836714492978694,0.0,0.0,0.0,0.0,0.0,0.0,0.0
34274442,4080392,0,0,32,1.9219280948873623,4.4496987351738495,2.321928094887362,0.0,0.0,0.0,0.0,0.0,0.0
190037140,4080392,0,0,24,0.0,4.584962500721156,0.0,0.0,0.0,0.0,0.0,0.0,0.0
208264346,4080392,0,0,26,0.0,4.700439718141092,0.0,0.0,0.0,0.0,0.0,0.0,0.0
103210142,4080392,0,0,6,1.0,2.584962500721156,1.0,0.0,0.0,0.0,0.0,0.0,0.0
10329248,4080392,0,0,103,2.6557249008877135,6.472908294173523,5.271928094887364,0.0,0.0,0.0,0.0,0.0,0.0
198212769,4080392,0,0,40,0.0,4.953055907333277,0.0,0.0,0.0,0.0,0.0,0.0,0.0
57482402,4080392,8,1,50,1.9219280948873623,5.388758439731458,2.321928094887362,74.875,6.625,103.125,1.9172604166846492,2.9239973429871515,2.725362118208891
195714210,4080392,0,0,10,0.0,3.321928094887362,0.0,0.0,0.0,0.0,0.0,0.0,0.0
9657510,4080392,0,0,1,0.0,0.0,0.0,0.0,0.0,0.0,0.0,0.0,0.0
12606632,4080392,0,0,20,0.0,2.795461844238322,0.0,0.0,0.0,0.0,0.0,0.0,0.0
6421673,4080392,0,0,38,0.7219280948873623,5.0900327766014835,2.321928094887362,0.0,0.0,0.0,0.0,0.0,0.0
185793704,4080392,0,0,23,0.0,4.436605434317882,0.0,0.0,0.0,0.0,0.0,0.0,0.0
191208619,4080392,0,0,55,0.0,5.417723349888293,0.0,0.0,0.0,0.0,0.0,0.0,0.0
52976812,4080392,19,1,5,0.0,2.321928094887362,0.0,47.73684210526316,3.1052631578947367,21.473684210526315,1.4089120670274031,3.730818344154585,2.359173857028333
99998892,4080392,0,0,7,1.0,2.8073549220576046,2.0,0.0,0.0,0.0,0.0,0.0,0.0
86596782,4080392,0,0,10,0.0,3.321928094887362,0.0,0.0,0.0,0.0,0.0,0.0,0.0
5053615,4080392,0,0,2,0.0,1.0,0.0,0.0,0.0,0.0,0.0,0.0,0.0
188898484,4080392,0,0,11,0.0,3.2776134368191165,0.0,0.0,0.0,0.0,0.0,0.0,0.0
13032630,4080392,20,1,4,0.0,2.0,1.0,51.6,3.35,20.6,1.3035781652119733,3.2474027927756053,2.211397594186683
201759927,4080392,0,0,33,0.0,4.779094498080775,0.0,0.0,0.0,0.0,0.0,0.0,0.0
195124412,4080392,0,0,43,0.0,4.926037429020076,0.0,0.0,0.0,0.0,0.0,0.0,0.0
197762238,4080392,0,0,24,0.0,4.334962500721156,0.0,0.0,0.0,0.0,0.0,0.0,0.0
216407233,4080392,0,0,16,0.0,3.0306390622295662,0.0,0.0,0.0,0.0,0.0,0.0,0.0
184614082,4080392,0,0,41,0.0,5.076825785000351,0.0,0.0,0.0,0.0,0.0,0.0,0.0
211655874,4080392,0,0,15,0.0,3.6402239289418516,0.0,0.0,0.0,0.0,0.0,0.0,0.0
73964742,4080392,0,0,8,0.0,3.0,0.0,0.0,0.0,0.0,0.0,0.0,0.0
12958919,4080392,0,0,41,1.295461844238322,5.192798650906777,3.321928094887362,0.0,0.0,0.0,0.0,0.0,0.0
186752202,4080392,0,0,18,0.0,4.058813890331201,0.0,0.0,0.0,0.0,0.0,0.0,0.0
196443341,4080392,0,0,6,0.0,2.584962500721156,0.0,0.0,0.0,0.0,0.0,0.0,0.0
30473422,4080392,0,0,6,0.0,2.584962500721156,0.0,0.0,0.0,0.0,0.0,0.0,0.0
73440462,4080392,0,0,10,1.0,2.9219280948873623,1.0,0.0,0.0,0.0,0.0,0.0,0.0
9133264,4080392,0,0,8,1.9219280948873623,3.0,2.321928094887362,0.0,0.0,0.0,0.0,0.0,0.0
155065552,4080392,0,0,13,0.0,3.5465935642949384,0.0,0.0,0.0,0.0,0.0,0.0,0.0
59981012,4080392,0,0,32,0.0,4.5746987351738495,0.0,0.0,0.0,0.0,0.0,0.0,0.0
205290709,4080392,0,0,19,0.0,3.4316235658474326,0.0,0.0,0.0,0.0,0.0,0.0,0.0
208018646,4080392,0,0,10,0.0,3.321928094887362,0.0,0.0,0.0,0.0,0.0,0.0,0.0
211541206,4080392,0,0,2,0.0,1.0,0.0,0.0,0.0,0.0,0.0,0.0,0.0
30801112,4080392,0,0,29,0.0,4.789015477886193,0.0,0.0,0.0,0.0,0.0,0.0,0.0
10861792,4080392,0,0,8,0.9182958340544896,3.0,1.584962500721156,0.0,0.0,0.0,0.0,0.0,0.0
190799077,4080392,0,0,21,0.0,4.165894208390023,2.0,0.0,0.0,0.0,0.0,0.0,0.0
194018540,4080392,0,0,58,0.0,5.340739615817227,0.0,0.0,0.0,0.0,0.0,0.0,0.0
143359212,4080392,0,0,5,0.0,2.321928094887362,0.0,0.0,0.0,0.0,0.0,0.0,0.0
183336174,4080392,0,0,48,0.0,5.001629167387826,0.0,0.0,0.0,0.0,0.0,0.0,0.0
89095412,4080392,0,0,24,2.0403733936884962,4.501629167387823,3.459431618637298,0.0,0.0,0.0,0.0,0.0,0.0
4848884,4080392,0,0,139,3.6152095145313954,5.211372347307043,5.61090496044277,0.0,0.0,0.0,0.0,0.0,0.0
84958452,4080392,0,0,88,0.0,5.107232148404149,0.0,0.0,0.0,0.0,0.0,0.0,0.0
121437432,4080392,0,0,6,0.0,2.584962500721156,0.0,0.0,0.0,0.0,0.0,0.0,0.0
189709566,4080392,0,0,52,0.0,4.897085150625376,0.0,0.0,0.0,0.0,0.0,0.0,0.0
209444099,4080392,0,0,37,0.0,4.885129041304628,0.0,0.0,0.0,0.0,0.0,0.0,0.0
110533892,4080392,16,1,6,1.5,2.584962500721156,2.0,53.625,4.0625,18.0,1.1853633958254808,2.7326829575957645,1.887613970496953
211836179,4080392,0,0,25,0.0,4.133660689688184,0.0,0.0,0.0,0.0,0.0,0.0,0.0
12893461,4080392,0,0,10,0.0,3.121928094887362,0.0,0.0,0.0,0.0,0.0,0.0,0.0
59874582,4080392,0,0,15,1.3787834934861756,3.7735572622751845,2.8073549220576046,0.0,0.0,0.0,0.0,0.0,0.0
92183832,4080392,0,0,14,0.0,3.6644977792004623,1.584962500721156,0.0,0.0,0.0,0.0,0.0,0.0
212966681,4080392,0,0,8,0.0,2.4056390622295662,0.0,0.0,0.0,0.0,0.0,0.0,0.0
57425182,4080392,8,1,1,0.0,0.0,0.0,74.875,6.625,109.25,2.1575014285455696,3.5975921479535837,3.0156031300698114
4873502,4080392,0,0,1,0.0,0.0,0.0,0.0,0.0,0.0,0.0,0.0,0.0
68468002,4080392,0,0,5,0.0,2.321928094887362,0.0,0.0,0.0,0.0,0.0,0.0,0.0
215719203,4080392,0,0,47,0.0,4.803860925823504,0.0,0.0,0.0,0.0,0.0,0.0,0.0
9641254,4080392,0,0,41,1.7673757978160418,5.095237675297021,4.807354922057602,0.0,0.0,0.0,0.0,0.0,0.0
140008742,4080392,0,0,26,1.5,4.5465935642949376,2.0,0.0,0.0,0.0,0.0,0.0,0.0
188857640,4080392,0,0,32,0.0,4.9375,0.0,0.0,0.0,0.0,0.0,0.0,0.0
76184872,4080392,0,0,31,0.0,4.32027745701903,0.0,0.0,0.0,0.0,0.0,0.0,0.0
185720107,4080392,0,0,41,0.0,4.234289863032468,0.0,0.0,0.0,0.0,0.0,0.0,0.0
9076012,4080392,0,0,68,0.0,5.582102135712105,0.0,0.0,0.0,0.0,0.0,0.0,0.0
184753462,4080392,0,0,12,0.0,3.584962500721156,0.0,0.0,0.0,0.0,0.0,0.0,0.0
8518967,4080392,0,0,2,0.0,1.0,0.0,0.0,0.0,0.0,0.0,0.0,0.0
214588742,4080392,0,0,15,0.0,3.373557262275185,0.0,0.0,0.0,0.0,0.0,0.0,0.0
75439432,4080392,0,0,113,2.3144908557451114,6.192799732418906,4.349648912578752,0.0,0.0,0.0,0.0,0.0,0.0
190930256,4080392,0,0,17,0.0,3.969815782426811,0.0,0.0,0.0,0.0,0.0,0.0,0.0
77323602,4080392,0,0,6,0.0,2.2516291673878226,1.0,0.0,0.0,0.0,0.0,0.0,0.0
209919315,4080392,0,0,22,0.0,4.1523912776298655,0.0,0.0,0.0,0.0,0.0,0.0,0.0
11517269,4080392,0,0,24,2.7068905956085185,4.584962500721156,3.906890595608518,0.0,0.0,0.0,0.0,0.0,0.0
210959701,4080392,0,0,123,0.0,5.070498658854227,0.0,0.0,0.0,0.0,0.0,0.0,0.0
197967199,4080392,0,0,97,0.0,5.637190388730907,0.0,0.0,0.0,0.0,0.0,0.0,0.0
25288032,4080392,0,0,13,2.6464393446710153,3.5465935642949384,3.321928094887362,0.0,0.0,0.0,0.0,0.0,0.0
194100584,4080392,0,0,51,0.0,5.554778283147971,0.0,0.0,0.0,0.0,0.0,0.0,0.0
202202474,4080392,0,0,38,0.0,4.984769618706747,0.0,0.0,0.0,0.0,0.0,0.0,0.0
10755436,4080392,25,3,49,3.1556390622295662,5.476854997132281,4.0,40.92,3.48,38.28,1.2281246423229273,2.336521898990648,1.7344064160242263
199662961,4080392,0,0,35,0.0,4.550292659616668,0.0,0.0,0.0,0.0,0.0,0.0,0.0
10247538,4080392,0,0,96,3.1245252898915106,5.534253944048053,5.286729870981167,0.0,0.0,0.0,0.0,0.0,0.0
185392504,4080392,0,0,23,1.9219280948873623,4.349648912578752,2.321928094887362,0.0,0.0,0.0,0.0,0.0,0.0
186383751,4080392,0,0,36,1.1488348542809168,5.058813890331199,2.8073549220576046,0.0,0.0,0.0,0.0,0.0,0.0
12328327,4080392,0,0,4,0.0,2.0,0.0,0.0,0.0,0.0,0.0,0.0,0.0
210648456,4080392,0,0,15,0.0,3.640223928941851,0.0,0.0,0.0,0.0,0.0,0.0,0.0
215489941,4080392,0,0,15,0.0,3.589898095464287,0.0,0.0,0.0,0.0,0.0,0.0,0.0
204275098,4080392,0,0,25,0.0,4.643856189774723,0.0,0.0,0.0,0.0,0.0,0.0,0.0
108887452,4080392,0,0,8,0.0,2.75,0.0,0.0,0.0,0.0,0.0,0.0,0.0
184532383,4080392,0,0,13,0.0,3.7004397181410926,0.0,0.0,0.0,0.0,0.0,0.0,0.0
194477472,4080392,0,0,6,0.0,2.584962500721156,0.0,0.0,0.0,0.0,0.0,0.0,0.0
8838567,4080392,20,1,2,1.0,1.0,1.0,50.75,3.7,21.85,1.3859106044831278,2.9101901815418683,2.010911694284165
11877802,4080392,0,0,20,0.9182958340544896,4.1219280948873624,1.584962500721156,0.0,0.0,0.0,0.0,0.0,0.0
23616941,4080392,0,0,18,0.0,4.169925001442313,0.0,0.0,0.0,0.0,0.0,0.0,0.0
203062706,4080392,0,0,38,0.0,4.912272579176128,0.0,0.0,0.0,0.0,0.0,0.0,0.0
59784642,4080392,0,0,2,0.0,1.0,0.0,0.0,0.0,0.0,0.0,0.0,0.0
201571779,4080392,0,0,11,0.0,3.2776134368191165,0.0,0.0,0.0,0.0,0.0,0.0,0.0
119700932,4080392,0,0,40,0.0,4.253055907333274,0.0,0.0,0.0,0.0,0.0,0.0,0.0
215055817,4080392,0,0,41,0.0,4.333791798495228,0.0,0.0,0.0,0.0,0.0,0.0,0.0
86867412,4080392,16,1,44,0.4689955935892812,4.722923165078963,3.121928094887362,59.125,4.3125,38.0,1.7115419552120088,3.8646325631993075,2.650055037545854
193936854,4080392,0,0,17,0.0,3.969815782426811,0.0,0.0,0.0,0.0,0.0,0.0,0.0
200596952,4080392,0,0,29,0.0,4.720049960644813,0.0,0.0,0.0,0.0,0.0,0.0,0.0
40721882,4080392,9,1,2,0.0,1.0,0.0,46.77777777777778,4.222222222222222,10.555555555555555,1.4050663421235847,2.9706977022661505,2.194495480759911
13450717,4080392,0,0,12,1.3709505944546687,3.584962500721156,2.321928094887362,0.0,0.0,0.0,0.0,0.0,0.0
26885602,4080392,17,1,52,2.9862800457568475,5.58505510275648,5.221928094887364,50.411764705882355,3.9411764705882355,63.94117647058823,1.9067503952999976,2.9664482495444884,2.678921252890921
18718181,4080392,0,0,55,0.0,5.412911304315739,2.321928094887362,0.0,0.0,0.0,0.0,0.0,0.0
183197160,4080392,0,0,23,2.4164997849817103,4.436605434317882,4.08746284125034,0.0,0.0,0.0,0.0,0.0,0.0
13409769,4080392,0,0,1,0.0,0.0,0.0,0.0,0.0,0.0,0.0,0.0,0.0
197352943,4080392,0,0,19,0.0,4.142664355548851,0.0,0.0,0.0,0.0,0.0,0.0,0.0
194051575,4080392,0,0,22,0.0,4.368522527728205,0.0,0.0,0.0,0.0,0.0,0.0,0.0
186727929,4080392,0,0,70,0.0,5.723477703279732,0.0,0.0,0.0,0.0,0.0,0.0,0.0
213589499,4080392,0,0,10,0.0,2.5219280948873624,0.0,0.0,0.0,0.0,0.0,0.0,0.0
10575363,4080392,0,0,16,2.5216406363433186,4.0,2.8073549220576046,0.0,0.0,0.0,0.0,0.0,0.0
3014148,4080392,0,0,45,1.8333208226910545,5.341744485170485,4.368522527728205,0.0,0.0,0.0,0.0,0.0,0.0
99696132,4080392,27,1,51,2.2399351903050047,5.233905185567573,4.459431618637295,52.25925925925926,3.1481481481481484,16.703703703703702,1.4127005565160815,2.893998323249435,1.9874108113679951
158555652,4080392,0,0,117,1.3786137171821593,6.085967817781539,4.773557262275186,0.0,0.0,0.0,0.0,0.0,0.0
58990092,4080392,0,0,12,1.2516291673878228,3.418295834054489,2.584962500721156,0.0,0.0,0.0,0.0,0.0,0.0
6422038,4080392,19,1,17,1.3787834934861758,3.969815782426811,2.8073549220576046,47.73684210526316,3.1052631578947367,20.842105263157894,1.3363445147386572,3.644087413231457,2.2114183348147747
30236182,4080392,0,0,1,0.0,0.0,0.0,0.0,0.0,0.0,0.0,0.0,0.0
2358808,4080392,0,0,312,2.7012872395273066,6.282715704006208,6.167010496711775,0.0,0.0,0.0,0.0,0.0,0.0
54959642,4080392,16,2,17,1.6577427265048887,4.08746284125034,3.169925001442312,43.375,3.75,20.6875,1.3071127354823922,3.2946854813159834,2.186696641291776
10206759,4080392,0,0,9,1.0,2.94770277922009,1.0,0.0,0.0,0.0,0.0,0.0,0.0
82263592,4080392,16,1,29,2.0403733936884962,4.513153408920675,3.459431618637298,48.1875,3.75,18.0625,1.0966863588019742,2.239505306158313,1.662260905588738
41016872,4080392,0,0,5,0.0,2.321928094887362,0.0,0.0,0.0,0.0,0.0,0.0,0.0
210976297,4080392,0,0,12,0.0,2.9182958340544896,0.0,0.0,0.0,0.0,0.0,0.0,0.0
54672942,4080392,0,0,35,2.202819531114783,4.9362862311688644,4.0,0.0,0.0,0.0,0.0,0.0,0.0
153058862,4080392,0,0,17,0.8112781244591328,4.08746284125034,2.0,0.0,0.0,0.0,0.0,0.0,0.0
187489841,4080392,0,0,17,0.0,4.08746284125034,0.0,0.0,0.0,0.0,0.0,0.0,0.0
189873716,4080392,0,0,10,0.0,3.321928094887362,0.0,0.0,0.0,0.0,0.0,0.0,0.0
202071607,4080392,0,0,39,0.0,4.875145808605837,0.0,0.0,0.0,0.0,0.0,0.0,0.0
111074882,4080392,0,0,3,0.0,1.584962500721156,0.0,0.0,0.0,0.0,0.0,0.0,0.0
8019525,4080392,0,0,131,2.4211879648314496,6.542090726906915,5.247927513443589,0.0,0.0,0.0,0.0,0.0,0.0
63159882,4080392,12,1,1,0.0,0.0,0.0,70.91666666666667,5.833333333333333,20.833333333333332,1.4969201991610845,2.512340007249772,1.8001419711602509
15588941,4080392,0,0,48,0.0,4.826496418292685,0.0,0.0,0.0,0.0,0.0,0.0,0.0
191225422,4080392,0,0,32,0.0,4.875,0.0,0.0,0.0,0.0,0.0,0.0,0.0
182804057,4080392,0,0,17,0.0,3.969815782426811,0.0,0.0,0.0,0.0,0.0,0.0,0.0
182591068,4080392,24,1,1,0.0,0.0,0.0,54.75,3.4166666666666665,29.25,1.2714199547079537,3.315983557239997,2.128044759475532
4873826,4080392,0,0,21,2.292481250360578,4.297079327540665,3.584962500721156,0.0,0.0,0.0,0.0,0.0,0.0
125574762,4080392,0,0,35,0.0,4.822000516883151,0.0,0.0,0.0,0.0,0.0,0.0,0.0
35913332,4080392,0,0,69,2.321127473337187,5.963596920546281,4.321928094887363,0.0,0.0,0.0,0.0,0.0,0.0
183467639,4080392,0,0,2,0.0,1.0,0.0,0.0,0.0,0.0,0.0,0.0,0.0
75120252,4080392,27,1,23,1.1488348542809168,4.2626923908396215,3.8073549220576055,52.25925925925926,3.1481481481481484,17.74074074074074,1.4531116800725294,2.929969167498619,2.011561800130206
50822792,4080392,0,0,15,0.0,3.906890595608518,0.0,0.0,0.0,0.0,0.0,0.0,0.0
157744782,4080392,0,0,15,0.0,3.640223928941851,0.0,0.0,0.0,0.0,0.0,0.0,0.0
9830034,4080392,0,0,16,1.584962500721156,3.875,2.584962500721156,0.0,0.0,0.0,0.0,0.0,0.0
11853460,4080392,0,0,19,0.8112781244591328,4.142664355548851,2.0,0.0,0.0,0.0,0.0,0.0,0.0
194797205,4080392,0,0,28,0.0,4.59306920777189,0.0,0.0,0.0,0.0,0.0,0.0,0.0
73662102,4080392,0,0,71,2.059721832409614,5.857424760319278,4.643856189774723,0.0,0.0,0.0,0.0,0.0,0.0
196394644,4080392,0,0,37,0.0,4.810672622327237,0.0,0.0,0.0,0.0,0.0,0.0,0.0
163602072,4080392,18,1,1,0.0,0.0,0.0,60.0,4.166666666666667,15.666666666666666,1.0078747357503723,2.700298200253136,1.5539561444338794
8715929,4080392,20,1,3,0.0,1.584962500721156,1.0,50.75,3.7,21.8,1.4359106044831278,2.880942056505811,2.010911694284165
194412186,4080392,0,0,41,0.0,4.9976766996872675,0.0,0.0,0.0,0.0,0.0,0.0,0.0
210108061,4080392,0,0,6,0.0,2.584962500721156,0.0,0.0,0.0,0.0,0.0,0.0,0.0
41328292,4080392,0,0,15,2.1556390622295662,3.906890595608518,3.0,0.0,0.0,0.0,0.0,0.0,0.0
11304616,4080392,16,1,3,0.9182958340544896,1.584962500721156,1.584962500721156,48.1875,3.75,19.6875,1.1668162062790997,2.4225172379207827,1.779415225458497
136371882,4080392,0,0,22,2.368522527728207,4.368522527728205,3.459431618637298,0.0,0.0,0.0,0.0,0.0,0.0
215580332,4080392,0,0,22,0.0,4.004886164091841,0.0,0.0,0.0,0.0,0.0,0.0,0.0
40910512,4080392,0,0,23,0.9182958340544896,4.523561956057013,1.584962500721156,0.0,0.0,0.0,0.0,0.0,0.0
57761462,4080392,0,0,5,0.9182958340544896,2.321928094887362,1.584962500721156,0.0,0.0,0.0,0.0,0.0,0.0
1908406,4080392,0,0,27,2.289246428509158,4.680813428089397,3.906890595608518,0.0,0.0,0.0,0.0,0.0,0.0
29286072,4080392,0,0,25,2.4416298737872246,4.643856189774723,3.7004397181410926,0.0,0.0,0.0,0.0,0.0,0.0
137043642,4080392,0,0,30,0.0,4.323231428797621,0.0,0.0,0.0,0.0,0.0,0.0,0.0
195976895,4080392,0,0,16,0.0,3.875,0.0,0.0,0.0,0.0,0.0,0.0,0.0
212639428,4080392,0,0,35,0.0,3.7642990880644693,0.0,0.0,0.0,0.0,0.0,0.0,0.0
183377605,4080392,0,0,42,1.061278124459133,5.249460279921619,3.0,0.0,0.0,0.0,0.0,0.0,0.0
193887941,4080392,0,0,14,0.0,3.8073549220576055,0.0,0.0,0.0,0.0,0.0,0.0,0.0
3653323,4080392,0,0,9,0.0,3.169925001442312,0.0,0.0,0.0,0.0,0.0,0.0,0.0
179486412,4080392,0,0,9,0.0,2.94770277922009,0.0,0.0,0.0,0.0,0.0,0.0,0.0
186375886,4080392,0,0,15,0.0,3.773557262275185,2.0,0.0,0.0,0.0,0.0,0.0,0.0
188063446,4080392,0,0,11,0.0,3.0271691184406193,0.0,0.0,0.0,0.0,0.0,0.0,0.0
10600151,4080392,0,0,90,0.6500224216483541,5.376626664748284,3.584962500721156,0.0,0.0,0.0,0.0,0.0,0.0
137125592,4080392,0,0,9,1.584962500721156,3.169925001442312,1.584962500721156,0.0,0.0,0.0,0.0,0.0,0.0
11878113,4080392,0,0,19,1.1488348542809168,3.82687488186464,2.8073549220576046,0.0,0.0,0.0,0.0,0.0,0.0
163913442,4080392,20,1,7,0.0,2.8073549220576046,0.0,51.6,3.35,20.45,1.3035781652119733,3.2070350466727255,2.2613975941866826
202555106,4080392,0,0,2,0.0,1.0,0.0,0.0,0.0,0.0,0.0,0.0,0.0
14376675,4080392,0,0,41,1.0,4.829467017925321,1.0,0.0,0.0,0.0,0.0,0.0,0.0
202997478,4080392,0,0,11,0.0,3.459431618637298,0.0,0.0,0.0,0.0,0.0,0.0,0.0
186466028,4080392,0,0,39,0.0,5.080274013734042,0.0,0.0,0.0,0.0,0.0,0.0,0.0
12861166,4080392,0,0,6,1.0,2.584962500721156,1.0,0.0,0.0,0.0,0.0,0.0,0.0
78880502,4080392,20,1,7,0.0,2.8073549220576046,0.0,50.75,3.7,21.6,1.4359106044831278,2.819822435438988,2.0609116942841648
156745462,4080392,0,0,16,0.0,3.875,0.0,0.0,0.0,0.0,0.0,0.0,0.0
14442239,4080392,20,1,1,0.0,0.0,0.0,57.15,3.9,18.35,1.347409022215556,2.9285659095685217,2.007569519962671
80363272,4080392,27,1,3,0.0,1.584962500721156,1.0,46.18518518518518,2.4814814814814814,31.703703703703702,1.365423598789789,3.870519975319099,2.483293239379404
180133642,4080392,18,1,55,2.462867147080763,5.381359713524657,4.247927513443588,64.0,4.388888888888889,48.111111111111114,1.5018172923260027,3.3833719939022737,2.421547923023808
12222234,4080392,0,0,22,0.0,4.061482186720775,0.0,0.0,0.0,0.0,0.0,0.0,0.0
78061342,4080392,0,0,10,0.0,3.321928094887362,2.321928094887362,0.0,0.0,0.0,0.0,0.0,0.0
60718882,4080392,0,0,1,0.0,0.0,0.0,0.0,0.0,0.0,0.0,0.0,0.0
186220325,4080392,0,0,16,1.584962500721156,3.625,0.9182958340544896,0.0,0.0,0.0,0.0,0.0,0.0
192126759,4080392,0,0,4,0.0,2.0,0.0,0.0,0.0,0.0,0.0,0.0,0.0
207666989,4080392,0,0,27,0.0,4.578780557638898,0.0,0.0,0.0,0.0,0.0,0.0,0.0
214695726,4080392,0,0,27,0.0,3.689891668750008,0.0,0.0,0.0,0.0,0.0,0.0,0.0
8290095,4080392,20,1,2,0.0,1.0,0.0,51.6,3.35,20.7,1.3035781652119733,3.2974027927756056,2.2613975941866826
83148592,4080392,24,1,46,1.2916919971380596,5.43660543431788,3.8073549220576055,54.75,3.4166666666666665,27.375,1.217599454827201,3.0894583308100856,1.9694049710564652
10829623,4080392,0,0,19,1.5,4.0374011976541135,2.0,0.0,0.0,0.0,0.0,0.0,0.0
186990397,4080392,0,0,16,0.0,3.875,0.0,0.0,0.0,0.0,0.0,0.0,0.0
54271812,4080392,57,3,70,2.4783459677250406,5.702507260074582,4.623516641218015,41.92982456140351,2.43859649122807,25.982456140350877,1.0798875283423188,3.085795082553049,1.9248923449950242
20840261,4080392,0,0,50,1.1488348542809168,5.0838561897747265,2.8073549220576046,0.0,0.0,0.0,0.0,0.0,0.0
761676,4080392,16,2,10,1.9219280948873623,3.321928094887362,2.321928094887362,50.4375,4.4375,62.6875,1.6161804853813329,3.109813109675548,2.3746993600088686
184278861,4080392,0,0,16,0.0,3.875,0.0,0.0,0.0,0.0,0.0,0.0,0.0
12066638,4080392,27,1,26,1.7758589482446405,4.700439718141092,3.7004397181410926,52.25925925925926,3.1481481481481484,17.62962962962963,1.4298885654812805,2.9137563035244907,2.015521622497484
211320657,4080392,0,0,25,0.0,3.9434651896016453,0.0,0.0,0.0,0.0,0.0,0.0,0.0
101179222,4080392,0,0,33,1.1981174211304033,4.8625759375402735,3.8073549220576055,0.0,0.0,0.0,0.0,0.0,0.0
206454617,4080392,0,0,44,0.0,4.649170608309951,0.0,0.0,0.0,0.0,0.0,0.0,0.0
198836062,4080392,0,0,19,0.0,3.7871439606981414,0.0,0.0,0.0,0.0,0.0,0.0,0.0
200400737,4080392,0,0,15,0.0,3.906890595608518,0.0,0.0,0.0,0.0,0.0,0.0,0.0
190316392,4080392,0,0,5,0.0,2.321928094887362,1.584962500721156,0.0,0.0,0.0,0.0,0.0,0.0
149839722,4080392,0,0,6,0.0,2.584962500721156,1.0,0.0,0.0,0.0,0.0,0.0,0.0
163340142,4080392,24,1,14,0.6500224216483541,3.8073549220576055,2.584962500721156,54.75,3.4166666666666665,28.708333333333332,1.2443356871392721,3.15734376882093,2.0203379886121504
188211054,4080392,0,0,13,0.0,3.5465935642949384,0.0,0.0,0.0,0.0,0.0,0.0,0.0
205045618,4080392,0,0,15,0.0,3.373557262275185,0.0,0.0,0.0,0.0,0.0,0.0,0.0
213057394,4080392,0,0,212,0.0,5.016298800851236,0.0,0.0,0.0,0.0,0.0,0.0,0.0
214032245,4080392,0,0,24,0.0,3.855388542207535,0.0,0.0,0.0,0.0,0.0,0.0,0.0
206405496,4080392,0,0,11,0.0,3.459431618637298,0.0,0.0,0.0,0.0,0.0,0.0,0.0
204382075,4080392,0,0,27,0.0,4.236368983644952,0.0,0.0,0.0,0.0,0.0,0.0,0.0
13320067,4080392,0,0,14,2.75,3.8073549220576055,3.0,0.0,0.0,0.0,0.0,0.0,0.0
187875203,4080392,0,0,19,0.0,4.247927513443588,0.0,0.0,0.0,0.0,0.0,0.0,0.0
151830412,4080392,0,0,1,0.0,0.0,0.0,0.0,0.0,0.0,0.0,0.0,0.0
190881677,4080392,0,0,13,0.0,3.7004397181410926,0.0,0.0,0.0,0.0,0.0,0.0,0.0
202039184,4080392,0,0,17,0.0,3.8521687236032816,0.0,0.0,0.0,0.0,0.0,0.0,0.0
202407825,4080392,0,0,20,0.0,4.221928094887362,0.0,0.0,0.0,0.0,0.0,0.0,0.0
114655122,4080392,11,1,7,2.0,2.8073549220576046,2.0,45.27272727272727,3.909090909090909,12.909090909090908,0.8515347893664635,2.7458228918992322,1.6863224211739274
205725585,4080392,0,0,38,0.0,4.889779079905777,0.0,0.0,0.0,0.0,0.0,0.0,0.0
198377370,4080392,0,0,1,0.0,0.0,0.0,0.0,0.0,0.0,0.0,0.0,0.0
211738529,4080392,0,0,49,0.0,4.655127190877375,0.0,0.0,0.0,0.0,0.0,0.0,0.0
7593890,4080392,17,1,96,1.9329145639793979,4.804063332243742,4.773557262275186,50.411764705882355,3.9411764705882355,61.35294117647059,1.968713070698671,3.0123889419275907,2.705296007750461
187195312,4080392,0,0,28,0.0,4.494680368408908,0.0,0.0,0.0,0.0,0.0,0.0,0.0
41869232,4080392,0,0,57,1.224394445405986,4.626663917635555,3.169925001442312,0.0,0.0,0.0,0.0,0.0,0.0
183377842,4080392,0,0,1,0.0,0.0,0.0,0.0,0.0,0.0,0.0,0.0,0.0
125018032,4080392,0,0,24,0.0,4.501629167387823,0.0,0.0,0.0,0.0,0.0,0.0,0.0
2613171,4080392,0,0,26,1.3709505944546687,4.517559429596343,2.321928094887362,0.0,0.0,0.0,0.0,0.0,0.0
88203192,4080392,0,0,20,0.6500224216483541,4.321928094887363,2.584962500721156,0.0,0.0,0.0,0.0,0.0,0.0
11722680,4080392,44,2,6,1.584962500721156,2.584962500721156,1.584962500721156,47.52272727272727,2.75,22.25,1.2357727621214147,3.2023931320975163,2.074308349166368
165207992,4080392,0,0,42,0.0,4.880179922675739,1.584962500721156,0.0,0.0,0.0,0.0,0.0,0.0
194617276,4080392,0,0,25,0.0,4.5638561897747225,0.0,0.0,0.0,0.0,0.0,0.0,0.0
198778813,4080392,0,0,14,0.0,2.699513850319966,0.0,0.0,0.0,0.0,0.0,0.0,0.0
196544,4080392,8,1,6,0.9182958340544896,2.584962500721156,1.584962500721156,58.5,5.125,7.5,1.0557861078141524,2.583109011448622,2.0104853825705487
196509642,4080392,0,0,77,0.0,5.156269982197149,1.584962500721156,0.0,0.0,0.0,0.0,0.0,0.0
61128652,4080392,16,1,14,0.9182958340544896,3.8073549220576055,1.584962500721156,53.625,4.0625,17.5,1.2217199061970752,2.6562834312622363,1.9135538142018809
143286222,4080392,0,0,5,1.0,2.321928094887362,1.0,0.0,0.0,0.0,0.0,0.0,0.0
183336912,4080392,0,0,30,0.0,3.599581230646065,0.0,0.0,0.0,0.0,0.0,0.0,0.0
104185812,4080392,0,0,4,0.0,2.0,1.584962500721156,0.0,0.0,0.0,0.0,0.0,0.0
186073047,4080392,0,0,33,1.4466166676282082,4.6578823768686535,2.725480556997868,0.0,0.0,0.0,0.0,0.0,0.0
8888287,4080392,0,0,73,2.064993294935065,6.080235517784137,4.857980995127571,0.0,0.0,0.0,0.0,0.0,0.0
193224678,4080392,0,0,6,0.0,2.584962500721156,0.0,0.0,0.0,0.0,0.0,0.0,0.0
188514280,4080392,19,1,2,0.0,1.0,1.0,47.73684210526316,3.1052631578947367,21.63157894736842,1.4089120670274031,3.8003935070433945,2.306542278080965
194363370,4080392,0,0,13,0.0,3.5465935642949384,0.0,0.0,0.0,0.0,0.0,0.0,0.0
7290859,4080392,0,0,61,1.979115921862549,5.656067050642171,5.0,0.0,0.0,0.0,0.0,0.0,0.0
206110704,4080392,0,0,576,0.0,5.2653946023435605,0.0,0.0,0.0,0.0,0.0,0.0,0.0
8118261,4080392,31,2,101,2.9982358495705332,5.820554463602005,5.1699250014423095,42.806451612903224,3.064516129032258,18.193548387096776,1.3983248978494935,2.8466605179770808,1.988106359934185
192536569,4080392,0,0,39,0.0,5.182838116298145,1.584962500721156,0.0,0.0,0.0,0.0,0.0,0.0
206831613,4080392,0,0,40,0.0,4.730640983527281,0.0,0.0,0.0,0.0,0.0,0.0,0.0
13836287,4080392,0,0,16,1.0,4.0,1.0,0.0,0.0,0.0,0.0,0.0,0.0
