member,group_id,m1,m2,m3,m4,m5,m6,m7,m8,m9,m10,m11,m12
189706241,7508692,0,0,16,0.0,3.75,0.0,0.0,0.0,0.0,0.0,0.0,0.0
189353988,7508692,0,0,18,2.2359263506290326,4.058813890331201,2.8073549220576046,0.0,0.0,0.0,0.0,0.0,0.0
10381320,7508692,0,0,1,0.0,0.0,0.0,0.0,0.0,0.0,0.0,0.0,0.0
186214410,7508692,0,0,18,0.0,4.169925001442313,0.0,0.0,0.0,0.0,0.0,0.0,0.0
153077772,7508692,0,0,4,0.0,2.0,0.0,0.0,0.0,0.0,0.0,0.0,0.0
185978893,7508692,17,1,1,0.0,0.0,0.0,28.294117647058822,2.4705882352941178,17.823529411764707,1.3941809125355453,3.186163071773514,2.290010228901679
182079502,7508692,0,0,8,1.0,3.0,1.0,0.0,0.0,0.0,0.0,0.0,0.0
184365075,7508692,9,1,39,0.6500224216483541,5.060917923934979,2.584962500721156,27.11111111111111,3.4444444444444446,86.44444444444444,1.8928113386454557,3.494425239634353,3.0060229207466276
3428372,7508692,19,1,40,2.3921472236645345,5.0719280948873635,4.169925001442313,29.105263157894736,2.4210526315789473,52.1578947368421,1.283740163104211,3.2546838449771767,2.36628846465608
189884435,7508692,0,0,42,0.0,5.297079327540667,1.584962500721156,0.0,0.0,0.0,0.0,0.0,0.0
183926807,7508692,0,0,17,0.0,4.08746284125034,0.0,0.0,0.0,0.0,0.0,0.0,0.0
187609111,7508692,0,0,4,0.0,2.0,0.0,0.0,0.0,0.0,0.0,0.0,0.0
186435617,7508692,0,0,10,0.0,3.321928094887362,0.0,0.0,0.0,0.0,0.0,0.0,0.0
195887139,7508692,0,0,19,0.9182958340544896,3.892407118592878,1.584962500721156,0.0,0.0,0.0,0.0,0.0,0.0
190533668,7508692,21,1,3,0.0,1.584962500721156,0.0,31.428571428571427,2.5238095238095237,29.047619047619047,1.4903961154875547,3.7715451735118033,2.6929023479869327
195274798,7508692,0,0,2,0.0,1.0,0.0,0.0,0.0,0.0,0.0,0.0,0.0
198246454,7508692,0,0,2,0.0,1.0,0.0,0.0,0.0,0.0,0.0,0.0,0.0
8372279,7508692,0,0,26,0.9182958340544896,4.700439718141092,1.584962500721156,0.0,0.0,0.0,0.0,0.0,0.0
101339192,7508692,0,0,10,0.0,3.321928094887362,0.0,0.0,0.0,0.0,0.0,0.0,0.0
208681022,7508692,0,0,15,0.0,3.2402239289418517,0.0,0.0,0.0,0.0,0.0,0.0,0.0
114026562,7508692,31,2,36,2.0,4.249941238143318,2.0,27.129032258064516,2.064516129032258,23.838709677419356,1.1415085459382797,3.5107514540262925,2.2961389008969415
148731972,7508692,0,0,23,0.0,4.349648912578752,0.0,0.0,0.0,0.0,0.0,0.0,0.0
188614724,7508692,0,0,10,0.0,3.321928094887362,0.0,0.0,0.0,0.0,0.0,0.0,0.0
180492372,7508692,0,0,44,1.6113834567195195,5.215002357224489,4.169925001442313,0.0,0.0,0.0,0.0,0.0,0.0
182779989,7508692,0,0,11,0.0,3.459431618637298,0.0,0.0,0.0,0.0,0.0,0.0,0.0
186411095,7508692,0,0,30,0.0,4.840223928941852,0.0,0.0,0.0,0.0,0.0,0.0,0.0
122138712,7508692,34,3,11,0.9182958340544896,3.459431618637298,1.584962500721156,25.529411764705884,1.9411764705882353,23.735294117647058,1.1261399914827754,3.5045356450337537,2.2957286778153336
11243611,7508692,25,3,6,2.584962500721156,2.584962500721156,2.584962500721156,22.04,2.16,18.4,1.2125242261632752,3.07003446597957,2.04779065367059
54059102,7508692,0,0,105,1.3727069617019705,5.58969123162216,4.142664355548851,0.0,0.0,0.0,0.0,0.0,0.0
184272994,7508692,0,0,7,0.0,2.8073549220576046,0.0,0.0,0.0,0.0,0.0,0.0,0.0
183959656,7508692,0,0,46,0.0,5.3767165755751956,0.0,0.0,0.0,0.0,0.0,0.0,0.0
184858728,7508692,0,0,3,0.0,1.584962500721156,0.0,0.0,0.0,0.0,0.0,0.0,0.0
182919275,7508692,0,0,3,0.0,1.584962500721156,0.0,0.0,0.0,0.0,0.0,0.0,0.0
185290865,7508692,0,0,13,0.0,3.7004397181410926,0.0,0.0,0.0,0.0,0.0,0.0,0.0
62580852,7508692,0,0,60,2.353190671338323,5.548394345536401,4.247927513443588,0.0,0.0,0.0,0.0,0.0,0.0
183814261,7508692,0,0,14,0.0,3.8073549220576055,1.584962500721156,0.0,0.0,0.0,0.0,0.0,0.0
184170616,7508692,0,0,11,0.0,3.459431618637298,0.0,0.0,0.0,0.0,0.0,0.0,0.0
63322232,7508692,0,0,14,1.5,3.4677201004745006,2.0,0.0,0.0,0.0,0.0,0.0,0.0
4366459,7508692,0,0,178,1.5725675145259197,6.578959083839005,5.731093018669333,0.0,0.0,0.0,0.0,0.0,0.0
188121212,7508692,10,1,15,0.9544340029249649,3.906890595608518,3.0,31.6,3.4,18.3,1.3635851550416822,3.3496788631870658,2.184367574088038
107946112,7508692,0,0,8,0.0,3.0,0.0,0.0,0.0,0.0,0.0,0.0,0.0
11810945,7508692,7,2,75,2.5637169871277963,5.001630690265117,4.142664355548851,23.714285714285715,3.7142857142857144,104.57142857142857,1.9616072865531466,3.6706997420318923,3.025376423248816
189757572,7508692,0,0,28,0.0,4.450212064914746,0.0,0.0,0.0,0.0,0.0,0.0,0.0
187828357,7508692,0,0,10,0.0,3.1219280948873624,0.0,0.0,0.0,0.0,0.0,0.0,0.0
183902348,7508692,24,2,13,1.584962500721156,3.7004397181410926,1.584962500721156,25.583333333333332,2.2083333333333335,48.208333333333336,1.2917209371979466,3.4248375758750296,2.5155424061087355
184076428,7508692,0,0,31,0.0,4.954196310386877,0.0,0.0,0.0,0.0,0.0,0.0,0.0
183537807,7508692,0,0,34,0.0,5.087462841250338,1.0,0.0,0.0,0.0,0.0,0.0,0.0
85739672,7508692,0,0,24,2.2516291673878226,4.303508854797679,2.584962500721156,0.0,0.0,0.0,0.0,0.0,0.0
189407386,7508692,0,0,24,1.4466166676282082,4.053508854797679,2.94770277922009,0.0,0.0,0.0,0.0,0.0,0.0
186073243,7508692,17,1,2,0.0,1.0,0.0,28.294117647058822,2.4705882352941178,17.764705882352942,1.3941809125355453,3.1273395423617494,2.290010228901679
189178013,7508692,0,0,245,0.0,6.492546126265487,0.0,0.0,0.0,0.0,0.0,0.0,0.0
173068452,7508692,0,0,11,0.6500224216483541,3.459431618637298,2.584962500721156,0.0,0.0,0.0,0.0,0.0,0.0
185094308,7508692,9,1,63,1.5983490981282338,5.309992621637891,4.720049960644813,27.11111111111111,3.4444444444444446,83.77777777777777,1.787441707925469,3.4667502732229187,2.7687909807551097
183173287,7508692,0,0,17,0.0,4.08746284125034,0.0,0.0,0.0,0.0,0.0,0.0,0.0
186804392,7508692,0,0,115,0.0,6.442320242452207,0.0,0.0,0.0,0.0,0.0,0.0,0.0
6348970,7508692,26,3,640,3.789704516765797,5.369357752510425,7.300819365690885,24.115384615384617,2.1923076923076925,23.423076923076923,1.244626056301303,3.366492864496019,2.2999932783534147
188985515,7508692,0,0,15,0.0,3.906890595608518,1.0,0.0,0.0,0.0,0.0,0.0,0.0
183462060,7508692,0,0,7,0.0,2.8073549220576046,0.0,0.0,0.0,0.0,0.0,0.0,0.0
186411181,7508692,0,0,1,0.0,0.0,0.0,0.0,0.0,0.0,0.0,0.0,0.0
209744043,7508692,0,0,29,0.0,4.021268494903766,0.0,0.0,0.0,0.0,0.0,0.0,0.0
188399793,7508692,0,0,12,0.0,3.418295834054489,0.0,0.0,0.0,0.0,0.0,0.0,0.0
187058355,7508692,0,0,5,0.0,2.321928094887362,0.0,0.0,0.0,0.0,0.0,0.0,0.0
85815482,7508692,24,2,28,2.55468315105074,4.807354922057602,4.523561956057013,24.583333333333332,2.25,43.458333333333336,1.278655280557148,3.09126844737897,2.2159320318237787
93526202,7508692,0,0,45,0.0,4.9140753185518955,0.0,0.0,0.0,0.0,0.0,0.0,0.0
54282442,7508692,0,0,21,0.0,4.39231742277876,1.584962500721156,0.0,0.0,0.0,0.0,0.0,0.0
12867787,7508692,0,0,25,1.584962500721156,4.0994705707972505,1.584962500721156,0.0,0.0,0.0,0.0,0.0,0.0
183081167,7508692,0,0,7,0.0,2.8073549220576046,2.321928094887362,0.0,0.0,0.0,0.0,0.0,0.0
921808,7508692,0,0,82,2.754590397863387,6.144018163101906,4.9837880587523955,0.0,0.0,0.0,0.0,0.0,0.0
158804192,7508692,19,1,13,0.0,3.7004397181410926,2.0,29.105263157894736,2.4210526315789473,53.578947368421055,1.4096426485602394,3.3268674437532972,2.480495043679359
9474291,7508692,0,0,109,2.7337756156114947,6.4309835220047775,4.906890595608519,0.0,0.0,0.0,0.0,0.0,0.0
53362932,7508692,0,0,41,0.0,4.967308102179058,0.0,0.0,0.0,0.0,0.0,0.0,0.0
184658166,7508692,0,0,11,1.0,3.027169118440619,2.0,0.0,0.0,0.0,0.0,0.0,0.0
18716921,7508692,0,0,2,0.0,1.0,0.0,0.0,0.0,0.0,0.0,0.0,0.0
189851897,7508692,0,0,6,0.0,2.584962500721156,0.0,0.0,0.0,0.0,0.0,0.0,0.0
188072189,7508692,0,0,4,0.0,2.0,0.0,0.0,0.0,0.0,0.0,0.0,0.0
191277321,7508692,10,1,26,0.8658566174572235,4.623516641218014,3.459431618637298,31.6,3.4,17.2,1.3724428935884563,3.278016258626116,2.1384244122243077
183812362,7508692,0,0,2,0.0,1.0,0.0,0.0,0.0,0.0,0.0,0.0,0.0
189370637,7508692,0,0,23,0.0,4.436605434317882,0.0,0.0,0.0,0.0,0.0,0.0,0.0
192305423,7508692,0,0,19,0.0,4.142664355548851,0.0,0.0,0.0,0.0,0.0,0.0,0.0
72929552,7508692,0,0,3,0.0,1.584962500721156,0.0,0.0,0.0,0.0,0.0,0.0,0.0
186386708,7508692,0,0,5,0.0,2.321928094887362,0.0,0.0,0.0,0.0,0.0,0.0,0.0
121913622,7508692,5,1,34,0.0,4.969815782426809,1.0,26.8,4.2,25.8,2.3010526952468053,3.6714710699102255,3.2038959905199365
184459552,7508692,0,0,6,0.0,2.584962500721156,0.0,0.0,0.0,0.0,0.0,0.0,0.0
193362208,7508692,0,0,1,0.0,0.0,0.0,0.0,0.0,0.0,0.0,0.0,0.0
184738087,7508692,0,0,72,0.0,5.648955904159997,0.0,0.0,0.0,0.0,0.0,0.0,0.0
185948456,7508692,0,0,15,0.0,3.7735572622751845,1.0,0.0,0.0,0.0,0.0,0.0,0.0
187781418,7508692,0,0,10,0.0,3.321928094887362,0.0,0.0,0.0,0.0,0.0,0.0,0.0
185608189,7508692,0,0,13,0.0,3.7004397181410926,0.0,0.0,0.0,0.0,0.0,0.0,0.0
183290163,7508692,0,0,18,0.0,4.169925001442313,0.0,0.0,0.0,0.0,0.0,0.0,0.0
194711863,7508692,0,0,9,1.4591479170272448,3.169925001442312,2.584962500721156,0.0,0.0,0.0,0.0,0.0,0.0
149258552,7508692,0,0,34,1.1567796494470395,4.6312929881819,3.321928094887362,0.0,0.0,0.0,0.0,0.0,0.0
12464440,7508692,0,0,22,2.197159723424149,4.186704345910023,3.169925001442312,0.0,0.0,0.0,0.0,0.0,0.0
184254782,7508692,0,0,6,0.0,2.584962500721156,0.0,0.0,0.0,0.0,0.0,0.0,0.0
185471297,7508692,0,0,11,0.0,3.459431618637298,1.0,0.0,0.0,0.0,0.0,0.0,0.0
43735362,7508692,0,0,14,0.0,3.8073549220576055,0.0,0.0,0.0,0.0,0.0,0.0,0.0
196608326,7508692,0,0,1,0.0,0.0,0.0,0.0,0.0,0.0,0.0,0.0,0.0
186515783,7508692,0,0,5,0.0,2.321928094887362,0.0,0.0,0.0,0.0,0.0,0.0,0.0
185416018,7508692,0,0,36,0.8904916402194913,5.114369445886754,3.7004397181410926,0.0,0.0,0.0,0.0,0.0,0.0
188356947,7508692,0,0,25,0.0,4.643856189774723,0.0,0.0,0.0,0.0,0.0,0.0,0.0
184983898,7508692,0,0,9,0.0,3.169925001442312,1.0,0.0,0.0,0.0,0.0,0.0,0.0
184551771,7508692,0,0,20,0.0,4.084183719779189,0.0,0.0,0.0,0.0,0.0,0.0,0.0
65245532,7508692,0,0,4,0.0,2.0,0.0,0.0,0.0,0.0,0.0,0.0,0.0
90839412,7508692,0,0,23,0.7219280948873623,4.2626923908396215,2.321928094887362,0.0,0.0,0.0,0.0,0.0,0.0
184088951,7508692,0,0,29,0.0,4.651084443403434,0.0,0.0,0.0,0.0,0.0,0.0,0.0
206711160,7508692,0,0,11,0.0,3.2776134368191165,0.0,0.0,0.0,0.0,0.0,0.0,0.0
207559037,7508692,0,0,8,0.0,3.0,0.0,0.0,0.0,0.0,0.0,0.0,0.0
140986752,7508692,0,0,3,0.0,1.584962500721156,0.0,0.0,0.0,0.0,0.0,0.0,0.0
164110722,7508692,0,0,5,0.0,2.321928094887362,0.0,0.0,0.0,0.0,0.0,0.0,0.0
190095747,7508692,0,0,31,1.626688849701832,4.889680181354619,3.8073549220576055,0.0,0.0,0.0,0.0,0.0,0.0
139897222,7508692,0,0,17,1.6644977792004616,4.08746284125034,2.8073549220576046,0.0,0.0,0.0,0.0,0.0,0.0
12976519,7508692,0,0,3,0.0,1.584962500721156,0.0,0.0,0.0,0.0,0.0,0.0,0.0
121098632,7508692,19,1,11,0.9182958340544896,3.459431618637298,1.584962500721156,29.105263157894736,2.4210526315789473,53.68421052631579,1.3613112888731609,3.3395520805692858,2.5023391225887717
145211782,7508692,0,0,12,0.0,3.584962500721156,0.0,0.0,0.0,0.0,0.0,0.0,0.0
190312843,7508692,0,0,46,0.0,5.306170651709184,0.0,0.0,0.0,0.0,0.0,0.0,0.0
158726552,7508692,4,1,2,0.0,1.0,0.0,31.25,4.75,23.0,1.5047619797375817,3.611657244699457,2.7034253481236674
189669793,7508692,0,0,2,0.0,1.0,0.0,0.0,0.0,0.0,0.0,0.0,0.0
185745830,7508692,0,0,22,0.0,4.368522527728205,1.0,0.0,0.0,0.0,0.0,0.0,0.0
187490729,7508692,0,0,15,0.0,3.906890595608518,0.0,0.0,0.0,0.0,0.0,0.0,0.0
188150189,7508692,0,0,54,0.0,5.532665279941244,1.584962500721156,0.0,0.0,0.0,0.0,0.0,0.0
189354418,7508692,21,1,12,1.3709505944546687,2.617492461184755,2.321928094887362,31.428571428571427,2.5238095238095237,28.61904761904762,1.4251127538468562,3.7223770801563942,2.582334343468487
156877242,7508692,0,0,36,0.0,5.058813890331199,0.0,0.0,0.0,0.0,0.0,0.0,0.0
30736832,7508692,0,0,5,0.0,2.321928094887362,0.0,0.0,0.0,0.0,0.0,0.0,0.0
90804672,7508692,0,0,15,0.0,3.589898095464287,0.0,0.0,0.0,0.0,0.0,0.0,0.0
186933701,7508692,0,0,8,0.0,3.0,0.0,0.0,0.0,0.0,0.0,0.0,0.0
73177542,7508692,0,0,21,1.224394445405986,4.39231742277876,3.169925001442312,0.0,0.0,0.0,0.0,0.0,0.0
150606282,7508692,0,0,16,0.0,4.0,1.0,0.0,0.0,0.0,0.0,0.0,0.0
183718347,7508692,0,0,5,0.0,2.321928094887362,0.0,0.0,0.0,0.0,0.0,0.0,0.0
186462673,7508692,17,1,24,0.0,4.584962500721156,2.0,28.294117647058822,2.4705882352941178,16.470588235294116,1.3941809125355453,2.916459395260505,2.1723631700781496
185725394,7508692,0,0,30,0.0,4.840223928941852,0.0,0.0,0.0,0.0,0.0,0.0,0.0
177719762,7508692,17,1,25,1.6737949406953985,4.5638561897747225,4.0,30.647058823529413,2.6470588235294117,22.294117647058822,1.1443120529450532,3.395097216358218,2.0562581521632106
185121242,7508692,0,0,67,0.0,5.84586698893294,0.0,0.0,0.0,0.0,0.0,0.0,0.0
189647323,7508692,0,0,41,0.0,5.211210541203448,0.0,0.0,0.0,0.0,0.0,0.0,0.0
183726561,7508692,0,0,11,0.0,3.459431618637298,0.0,0.0,0.0,0.0,0.0,0.0,0.0
10858978,7508692,0,0,35,0.8112781244591328,5.01499730265925,2.0,0.0,0.0,0.0,0.0,0.0,0.0
183962089,7508692,17,1,16,0.8658566174572235,3.875,3.459431618637298,30.647058823529413,2.6470588235294117,22.823529411764707,1.1918378366649458,3.4356181686979075,2.0880562922433694
39084522,7508692,0,0,79,1.584962500721156,4.995890716120748,2.584962500721156,0.0,0.0,0.0,0.0,0.0,0.0
202938861,7508692,0,0,4,0.0,2.0,0.0,0.0,0.0,0.0,0.0,0.0,0.0
184531440,7508692,0,0,17,0.0,3.969815782426811,0.0,0.0,0.0,0.0,0.0,0.0,0.0
146119162,7508692,0,0,7,0.0,2.8073549220576046,0.0,0.0,0.0,0.0,0.0,0.0,0.0
189389308,7508692,0,0,6,0.0,2.584962500721156,0.0,0.0,0.0,0.0,0.0,0.0,0.0
164917762,7508692,0,0,9,0.0,3.169925001442312,0.0,0.0,0.0,0.0,0.0,0.0,0.0
196778498,7508692,0,0,6,0.0,2.584962500721156,0.0,0.0,0.0,0.0,0.0,0.0,0.0
183667204,7508692,0,0,14,1.4591479170272448,3.8073549220576055,2.584962500721156,0.0,0.0,0.0,0.0,0.0,0.0
156494342,7508692,0,0,3,0.0,1.584962500721156,0.0,0.0,0.0,0.0,0.0,0.0,0.0
189237767,7508692,0,0,19,0.0,4.247927513443588,0.0,0.0,0.0,0.0,0.0,0.0,0.0
187558408,7508692,0,0,13,0.0,3.5465935642949384,0.0,0.0,0.0,0.0,0.0,0.0,0.0
115722762,7508692,0,0,24,3.084962500721156,4.501629167387823,3.584962500721156,0.0,0.0,0.0,0.0,0.0,0.0
206486026,7508692,0,0,39,0.0,4.936437078492072,0.0,0.0,0.0,0.0,0.0,0.0,0.0
22839821,7508692,0,0,1,0.0,0.0,0.0,0.0,0.0,0.0,0.0,0.0,0.0
183452175,7508692,0,0,1,0.0,0.0,0.0,0.0,0.0,0.0,0.0,0.0,0.0
183607823,7508692,0,0,17,0.0,4.08746284125034,0.0,0.0,0.0,0.0,0.0,0.0,0.0
189100564,7508692,0,0,3,0.0,1.584962500721156,0.0,0.0,0.0,0.0,0.0,0.0,0.0
79444502,7508692,19,1,36,0.7219280948873623,4.659799224314525,2.321928094887362,29.105263157894736,2.4210526315789473,52.36842105263158,1.371646433039852,3.2763748381652213,2.4635514597379187
2017817,7508692,35,2,45,1.2957378005380122,5.269630874107452,3.7004397181410926,26.771428571428572,2.085714285714286,22.6,1.3276434065343687,3.2804964571502553,2.2831519646094187
64131612,7508692,0,0,13,0.0,3.7004397181410926,0.0,0.0,0.0,0.0,0.0,0.0,0.0
187206174,7508692,0,0,41,0.9182958340544896,4.918527614374179,1.584962500721156,0.0,0.0,0.0,0.0,0.0,0.0
188682782,7508692,0,0,4,0.0,2.0,0.0,0.0,0.0,0.0,0.0,0.0,0.0
46406182,7508692,0,0,9,0.0,2.94770277922009,0.9182958340544896,0.0,0.0,0.0,0.0,0.0,0.0
99953192,7508692,0,0,5,0.0,1.9219280948873623,1.0,0.0,0.0,0.0,0.0,0.0,0.0
183650865,7508692,0,0,20,0.0,4.1219280948873624,0.0,0.0,0.0,0.0,0.0,0.0,0.0
189375025,7508692,0,0,10,0.0,3.321928094887362,0.0,0.0,0.0,0.0,0.0,0.0,0.0
184699443,7508692,0,0,26,0.0,4.623516641218015,0.0,0.0,0.0,0.0,0.0,0.0,0.0
187497020,7508692,0,0,7,0.0,2.8073549220576046,0.0,0.0,0.0,0.0,0.0,0.0,0.0
125508162,7508692,0,0,57,1.5,5.266843303524556,2.0,0.0,0.0,0.0,0.0,0.0,0.0
186344003,7508692,0,0,54,0.0,5.444611807678959,0.0,0.0,0.0,0.0,0.0,0.0,0.0
186554947,7508692,0,0,12,0.0,3.584962500721156,0.0,0.0,0.0,0.0,0.0,0.0,0.0
46377542,7508692,0,0,8,0.0,3.0,1.584962500721156,0.0,0.0,0.0,0.0,0.0,0.0
183052871,7508692,0,0,16,0.0,4.0,0.0,0.0,0.0,0.0,0.0,0.0,0.0
209982029,7508692,0,0,4,0.0,2.0,0.0,0.0,0.0,0.0,0.0,0.0,0.0
185985617,7508692,0,0,6,0.0,2.584962500721156,0.0,0.0,0.0,0.0,0.0,0.0,0.0
176745042,7508692,0,0,21,2.197159723424149,4.165894208390023,3.169925001442312,0.0,0.0,0.0,0.0,0.0,0.0
11346522,7508692,0,0,8,0.0,3.0,1.0,0.0,0.0,0.0,0.0,0.0,0.0
52953702,7508692,0,0,1,0.0,0.0,0.0,0.0,0.0,0.0,0.0,0.0,0.0
189039212,7508692,34,3,5,1.0,2.321928094887362,1.0,25.529411764705884,1.9411764705882353,23.91176470588235,1.1237369277784959,3.5379916310263986,2.3129334572483087
212064878,7508692,0,0,3,0.0,1.584962500721156,0.0,0.0,0.0,0.0,0.0,0.0,0.0
117035632,7508692,21,1,42,1.3787834934861758,5.0589840894454285,2.8073549220576046,31.428571428571427,2.5238095238095237,27.19047619047619,1.4247397586548796,3.6061155740487427,2.559218780269904
13623923,7508692,0,0,5,0.0,2.321928094887362,0.0,0.0,0.0,0.0,0.0,0.0,0.0
197300856,7508692,0,0,1,0.0,0.0,0.0,0.0,0.0,0.0,0.0,0.0,0.0
184253050,7508692,0,0,48,0.0,5.45996250072116,0.0,0.0,0.0,0.0,0.0,0.0,0.0
183093884,7508692,0,0,26,0.0,4.623516641218014,0.0,0.0,0.0,0.0,0.0,0.0,0.0
184627836,7508692,0,0,15,0.0,3.7735572622751845,2.0,0.0,0.0,0.0,0.0,0.0,0.0
189268604,7508692,0,0,12,0.9182958340544896,3.418295834054489,1.584962500721156,0.0,0.0,0.0,0.0,0.0,0.0
203780732,7508692,0,0,18,0.0,2.584962500721156,0.0,0.0,0.0,0.0,0.0,0.0,0.0
136303232,7508692,0,0,2,0.0,1.0,0.0,0.0,0.0,0.0,0.0,0.0,0.0
12984962,7508692,0,0,86,2.1577174691301484,4.801282883973251,4.221928094887362,0.0,0.0,0.0,0.0,0.0,0.0
9204355,7508692,0,0,6,0.0,2.584962500721156,0.0,0.0,0.0,0.0,0.0,0.0,0.0
160995982,7508692,0,0,3,0.0,1.584962500721156,0.0,0.0,0.0,0.0,0.0,0.0,0.0
10816142,7508692,0,0,17,0.0,4.08746284125034,1.584962500721156,0.0,0.0,0.0,0.0,0.0,0.0
45820562,7508692,0,0,6,0.9182958340544896,2.584962500721156,1.584962500721156,0.0,0.0,0.0,0.0,0.0,0.0
146707092,7508692,0,0,2,0.0,1.0,0.0,0.0,0.0,0.0,0.0,0.0,0.0
183843485,7508692,0,0,12,0.0,3.418295834054489,1.584962500721156,0.0,0.0,0.0,0.0,0.0,0.0
196831902,7508692,0,0,3,0.0,1.584962500721156,0.0,0.0,0.0,0.0,0.0,0.0,0.0
174049952,7508692,0,0,68,0.6840384356390417,5.852168723603285,3.459431618637298,0.0,0.0,0.0,0.0,0.0,0.0
53965492,7508692,19,1,6,0.8112781244591328,2.584962500721156,2.0,29.105263157894736,2.4210526315789473,53.94736842105263,1.3669437999044955,3.3855767709859244,2.480495043679359
185594549,7508692,0,0,16,0.0,4.0,0.0,0.0,0.0,0.0,0.0,0.0,0.0
187501240,7508692,0,0,168,0.0,6.881160857416123,2.321928094887362,0.0,0.0,0.0,0.0,0.0,0.0
191638201,7508692,0,0,9,0.0,3.169925001442312,0.0,0.0,0.0,0.0,0.0,0.0,0.0
184203964,7508692,0,0,3,0.0,1.584962500721156,0.0,0.0,0.0,0.0,0.0,0.0,0.0
184388285,7508692,0,0,76,0.0,5.8397755396455135,0.0,0.0,0.0,0.0,0.0,0.0,0.0
2466497,7508692,0,0,40,1.0,5.221928094887363,1.0,0.0,0.0,0.0,0.0,0.0,0.0
14510788,7508692,0,0,23,2.125814583693911,4.523561956057013,3.584962500721156,0.0,0.0,0.0,0.0,0.0,0.0
193227461,7508692,0,0,19,0.9182958340544896,4.247927513443588,1.584962500721156,0.0,0.0,0.0,0.0,0.0,0.0
169220812,7508692,0,0,2,0.0,1.0,0.0,0.0,0.0,0.0,0.0,0.0,0.0
15827661,7508692,0,0,13,0.0,3.5465935642949384,0.0,0.0,0.0,0.0,0.0,0.0,0.0
157702862,7508692,0,0,18,0.0,3.9477027792200903,0.0,0.0,0.0,0.0,0.0,0.0,0.0
187482832,7508692,0,0,5,0.9182958340544896,2.321928094887362,1.584962500721156,0.0,0.0,0.0,0.0,0.0,0.0
188818128,7508692,0,0,27,0.0,4.606739354015323,0.0,0.0,0.0,0.0,0.0,0.0,0.0
46398162,7508692,0,0,34,1.584962500721156,4.947613208833766,1.584962500721156,0.0,0.0,0.0,0.0,0.0,0.0
185146066,7508692,0,0,4,1.0,2.0,1.0,0.0,0.0,0.0,0.0,0.0,0.0
8698577,7508692,0,0,6,0.0,2.584962500721156,0.0,0.0,0.0,0.0,0.0,0.0,0.0
185342677,7508692,0,0,23,0.0,4.349648912578752,1.0,0.0,0.0,0.0,0.0,0.0,0.0
189651670,7508692,0,0,2,0.0,1.0,0.0,0.0,0.0,0.0,0.0,0.0,0.0
197180118,7508692,0,0,6,0.0,2.584962500721156,0.0,0.0,0.0,0.0,0.0,0.0,0.0
187880157,7508692,0,0,42,1.5262349099495227,5.136248672727251,3.7004397181410926,0.0,0.0,0.0,0.0,0.0,0.0
100977382,7508692,23,2,8,0.0,3.0,1.0,29.0,2.391304347826087,29.217391304347824,1.4242376670550387,3.649940778452375,2.591728834698121
204030694,7508692,0,0,6,0.0,2.251629167387823,0.0,0.0,0.0,0.0,0.0,0.0,0.0
188936938,7508692,0,0,9,0.0,3.169925001442312,0.0,0.0,0.0,0.0,0.0,0.0,0.0
183442164,7508692,0,0,26,0.0,4.3637132757501895,0.0,0.0,0.0,0.0,0.0,0.0,0.0
133001982,7508692,0,0,5,1.0,1.9219280948873623,1.0,0.0,0.0,0.0,0.0,0.0,0.0
183323390,7508692,0,0,31,1.5219280948873621,4.825164052322361,2.321928094887362,0.0,0.0,0.0,0.0,0.0,0.0
10756865,7508692,0,0,6,1.0,2.584962500721156,1.0,0.0,0.0,0.0,0.0,0.0,0.0
37384962,7508692,0,0,15,1.5,3.906890595608518,2.0,0.0,0.0,0.0,0.0,0.0,0.0
190280449,7508692,0,0,1,0.0,0.0,0.0,0.0,0.0,0.0,0.0,0.0,0.0
188367624,7508692,0,0,28,0.0,4.735926350629031,0.0,0.0,0.0,0.0,0.0,0.0,0.0
184470281,7508692,0,0,3,0.0,1.584962500721156,0.0,0.0,0.0,0.0,0.0,0.0,0.0
189494024,7508692,0,0,17,0.0,4.08746284125034,2.0,0.0,0.0,0.0,0.0,0.0,0.0
11690765,7508692,0,0,49,0.0,5.28817923187031,3.0,0.0,0.0,0.0,0.0,0.0,0.0
132182812,7508692,0,0,35,0.0,3.9515892755485758,0.0,0.0,0.0,0.0,0.0,0.0,0.0
12839713,7508692,0,0,6,1.0,2.2516291673878226,1.0,0.0,0.0,0.0,0.0,0.0,0.0
187394861,7508692,0,0,6,0.0,2.584962500721156,0.0,0.0,0.0,0.0,0.0,0.0,0.0
63718192,7508692,0,0,8,0.0,3.0,0.0,0.0,0.0,0.0,0.0,0.0,0.0
173028152,7508692,0,0,11,0.0,3.459431618637298,1.584962500721156,0.0,0.0,0.0,0.0,0.0,0.0
184789823,7508692,0,0,12,0.0,3.584962500721156,0.0,0.0,0.0,0.0,0.0,0.0,0.0
184449856,7508692,0,0,1,0.0,0.0,0.0,0.0,0.0,0.0,0.0,0.0,0.0
81429322,7508692,0,0,30,1.6577427265048887,4.386569246460625,3.169925001442312,0.0,0.0,0.0,0.0,0.0,0.0
189438803,7508692,0,0,36,0.0,5.003258334775643,0.0,0.0,0.0,0.0,0.0,0.0,0.0
156447572,7508692,0,0,7,0.0,2.8073549220576046,1.0,0.0,0.0,0.0,0.0,0.0,0.0
185219929,7508692,0,0,17,2.1709505944546685,4.08746284125034,3.321928094887362,0.0,0.0,0.0,0.0,0.0,0.0
185871193,7508692,33,2,1,0.0,0.0,0.0,25.21212121212121,1.9696969696969697,39.39393939393939,1.321096483271659,3.361445915551544,2.385446355101568
189002594,7508692,0,0,9,0.0,2.725480556997868,0.0,0.0,0.0,0.0,0.0,0.0,0.0
184675177,7508692,0,0,20,0.0,4.321928094887363,0.0,0.0,0.0,0.0,0.0,0.0,0.0
188978028,7508692,0,0,16,0.0,4.0,0.0,0.0,0.0,0.0,0.0,0.0,0.0
2607982,7508692,0,0,160,3.703160891470865,6.458620930078251,6.288092571562528,0.0,0.0,0.0,0.0,0.0,0.0
186397551,7508692,0,0,67,2.638041605518946,5.310429631008655,5.01499730265925,0.0,0.0,0.0,0.0,0.0,0.0
189784942,7508692,0,0,30,0.0,4.840223928941852,0.0,0.0,0.0,0.0,0.0,0.0,0.0
183298929,7508692,0,0,19,0.0,4.142664355548851,1.0,0.0,0.0,0.0,0.0,0.0,0.0
13798258,7508692,17,1,44,2.349601752714581,3.7892755208814863,4.0,28.294117647058822,2.4705882352941178,15.294117647058824,1.2559690447288054,2.9632645117216616,2.05471611125462
100100982,7508692,0,0,9,1.0,3.169925001442312,1.0,0.0,0.0,0.0,0.0,0.0,0.0
78752632,7508692,0,0,33,1.1994602933016414,4.923181998146335,3.875,0.0,0.0,0.0,0.0,0.0,0.0
161452922,7508692,0,0,22,0.0,4.368522527728205,0.0,0.0,0.0,0.0,0.0,0.0,0.0
155798402,7508692,0,0,7,0.0,2.5216406363433186,0.0,0.0,0.0,0.0,0.0,0.0,0.0
12413830,7508692,19,1,1,0.0,0.0,0.0,29.105263157894736,2.4210526315789473,54.21052631578947,1.4096426485602394,3.521627428918617,2.585758201574096
192543628,7508692,0,0,35,1.584962500721156,4.957854445516393,0.0,0.0,0.0,0.0,0.0,0.0,0.0
183841680,7508692,0,0,55,0.0,5.563177895342838,1.584962500721156,0.0,0.0,0.0,0.0,0.0,0.0
183733139,7508692,0,0,12,0.0,3.584962500721156,0.0,0.0,0.0,0.0,0.0,0.0,0.0
87618452,7508692,0,0,69,2.751655425208611,5.78968387706802,5.379753126795121,0.0,0.0,0.0,0.0,0.0,0.0
192701332,7508692,0,0,5,0.0,2.321928094887362,0.0,0.0,0.0,0.0,0.0,0.0,0.0
33072022,7508692,0,0,7,0.0,2.8073549220576046,0.0,0.0,0.0,0.0,0.0,0.0,0.0
186133405,7508692,0,0,12,0.0,3.584962500721156,0.0,0.0,0.0,0.0,0.0,0.0,0.0
193459101,7508692,0,0,62,1.295461844238322,5.528961988183644,3.321928094887362,0.0,0.0,0.0,0.0,0.0,0.0
185205663,7508692,0,0,46,1.0,5.202803532096936,1.0,0.0,0.0,0.0,0.0,0.0,0.0
186854309,7508692,0,0,9,0.0,3.169925001442312,0.0,0.0,0.0,0.0,0.0,0.0,0.0
188218281,7508692,17,1,8,0.0,2.75,1.584962500721156,30.647058823529413,2.6470588235294117,23.294117647058822,1.2427705788683117,3.5017946392861425,2.1983191815325545
187999149,7508692,0,0,37,0.0,5.04729120346679,1.0,0.0,0.0,0.0,0.0,0.0,0.0
185957296,7508692,0,0,6,0.0,2.584962500721156,0.0,0.0,0.0,0.0,0.0,0.0,0.0
185240497,7508692,0,0,14,0.0,3.6644977792004623,0.0,0.0,0.0,0.0,0.0,0.0,0.0
186543030,7508692,0,0,13,1.4488156357251847,3.7004397181410926,2.8073549220576046,0.0,0.0,0.0,0.0,0.0,0.0
185260985,7508692,0,0,8,0.0,3.0,0.0,0.0,0.0,0.0,0.0,0.0,0.0
206056377,7508692,0,0,35,0.0,4.4575751596784805,0.0,0.0,0.0,0.0,0.0,0.0,0.0
186903490,7508692,0,0,7,0.0,2.8073549220576046,0.0,0.0,0.0,0.0,0.0,0.0,0.0
59235272,7508692,0,0,16,1.0,4.0,1.0,0.0,0.0,0.0,0.0,0.0,0.0
9257929,7508692,0,0,44,0.7219280948873623,4.968303426036459,2.321928094887362,0.0,0.0,0.0,0.0,0.0,0.0
91401162,7508692,17,1,1,0.0,0.0,0.0,28.294117647058822,2.4705882352941178,17.823529411764707,1.3941809125355453,3.186163071773514,2.290010228901679
183331789,7508692,0,0,3,0.0,1.584962500721156,0.0,0.0,0.0,0.0,0.0,0.0,0.0
103726032,7508692,0,0,31,1.584962500721156,4.191245198954513,1.584962500721156,0.0,0.0,0.0,0.0,0.0,0.0
186719187,7508692,0,0,8,0.0,3.0,1.0,0.0,0.0,0.0,0.0,0.0,0.0
53103572,7508692,17,1,16,1.5219280948873621,3.875,2.321928094887362,28.294117647058822,2.4705882352941178,16.941176470588236,1.3046557304833475,2.9582218953029256,2.1534262233200696
188935123,7508692,0,0,8,0.0,3.0,0.0,0.0,0.0,0.0,0.0,0.0,0.0
197358549,7508692,0,0,88,0.0,5.090075614264071,0.0,0.0,0.0,0.0,0.0,0.0,0.0
182942679,7508692,0,0,72,0.6500224216483541,5.609306557322865,2.584962500721156,0.0,0.0,0.0,0.0,0.0,0.0
20206561,7508692,0,0,59,0.0,5.713151523938108,1.584962500721156,0.0,0.0,0.0,0.0,0.0,0.0
148095972,7508692,17,1,7,1.0,2.8073549220576046,1.0,28.294117647058822,2.4705882352941178,17.470588235294116,1.3353573831237806,3.021024546946596,2.231186699489914
184028133,7508692,0,0,4,0.0,2.0,0.0,0.0,0.0,0.0,0.0,0.0,0.0
3038182,7508692,19,1,12,0.0,3.584962500721156,1.584962500721156,29.105263157894736,2.4210526315789473,53.63157894736842,1.4096426485602394,3.332945192038556,2.5023391225887717
9724903,7508692,5,1,30,2.2149798205164815,4.748394345536403,4.1219280948873624,26.8,4.2,26.6,1.858056731143509,3.7157553572883075,2.579510371542464
193338342,7508692,0,0,13,0.0,3.7004397181410926,2.321928094887362,0.0,0.0,0.0,0.0,0.0,0.0
184683499,7508692,0,0,14,0.0,3.6644977792004623,1.0,0.0,0.0,0.0,0.0,0.0,0.0
183047154,7508692,0,0,10,0.0,3.1219280948873624,0.0,0.0,0.0,0.0,0.0,0.0,0.0
184445941,7508692,0,0,52,0.8112781244591328,5.4021748142117305,2.0,0.0,0.0,0.0,0.0,0.0,0.0
184357888,7508692,0,0,82,0.0,6.0312728887380445,0.0,0.0,0.0,0.0,0.0,0.0,0.0
163005452,7508692,0,0,4,0.0,2.0,0.0,0.0,0.0,0.0,0.0,0.0,0.0
158544912,7508692,0,0,9,1.0,3.169925001442312,1.0,0.0,0.0,0.0,0.0,0.0,0.0
188087314,7508692,0,0,24,0.0,4.334962500721157,0.0,0.0,0.0,0.0,0.0,0.0,0.0
185328665,7508692,0,0,5,0.0,2.321928094887362,0.0,0.0,0.0,0.0,0.0,0.0,0.0
90950682,7508692,0,0,4,0.0,2.0,0.0,0.0,0.0,0.0,0.0,0.0,0.0
188722203,7508692,0,0,11,0.0,3.459431618637298,0.0,0.0,0.0,0.0,0.0,0.0,0.0
201557019,7508692,0,0,3,0.0,1.584962500721156,0.0,0.0,0.0,0.0,0.0,0.0,0.0
175918112,7508692,0,0,6,0.0,2.584962500721156,0.0,0.0,0.0,0.0,0.0,0.0,0.0
185424929,7508692,0,0,59,0.0,5.4841722865766345,0.0,0.0,0.0,0.0,0.0,0.0,0.0
3963936,7508692,0,0,34,1.0,4.85216872360328,1.0,0.0,0.0,0.0,0.0,0.0,0.0
184468518,7508692,0,0,16,0.0,4.0,0.0,0.0,0.0,0.0,0.0,0.0,0.0
179416102,7508692,0,0,86,0.0,5.971387830530427,0.0,0.0,0.0,0.0,0.0,0.0,0.0
79483942,7508692,0,0,8,0.0,2.75,0.0,0.0,0.0,0.0,0.0,0.0,0.0
185201705,7508692,19,1,45,1.295461844238322,5.35851976299634,3.321928094887362,29.105263157894736,2.4210526315789473,51.89473684210526,1.3414604462319066,3.2396000729714416,2.4109198807905505
189883434,7508692,0,0,10,0.0,2.8464393446710154,0.0,0.0,0.0,0.0,0.0,0.0,0.0
183594030,7508692,0,0,67,0.0,5.743557243078114,0.0,0.0,0.0,0.0,0.0,0.0,0.0
7547952,7508692,0,0,36,1.0,5.058813890331199,1.0,0.0,0.0,0.0,0.0,0.0,0.0
158274612,7508692,0,0,32,0.0,4.9375,0.0,0.0,0.0,0.0,0.0,0.0,0.0
185111608,7508692,0,0,6,0.0,2.2516291673878226,0.0,0.0,0.0,0.0,0.0,0.0,0.0
183598137,7508692,0,0,55,0.0,5.622179940758047,1.0,0.0,0.0,0.0,0.0,0.0,0.0
8932412,7508692,0,0,3,1.0,1.584962500721156,1.0,0.0,0.0,0.0,0.0,0.0,0.0
93289532,7508692,34,3,4,1.584962500721156,2.0,1.584962500721156,25.529411764705884,1.9411764705882353,23.941176470588236,1.1065321483455204,3.547460104405439,2.2957286778153336
88923202,7508692,0,0,91,2.091124755212831,6.279718953361741,4.857980995127571,0.0,0.0,0.0,0.0,0.0,0.0
68826182,7508692,21,1,4,0.0,2.0,0.0,31.428571428571427,2.5238095238095237,29.0,1.4903961154875547,3.751781483069954,2.6929023479869327
184949831,7508692,0,0,14,0.0,3.8073549220576055,0.0,0.0,0.0,0.0,0.0,0.0,0.0
88798282,7508692,0,0,40,1.4182958340544896,5.221928094887364,3.584962500721156,0.0,0.0,0.0,0.0,0.0,0.0
10968138,7508692,34,3,24,1.6171895725927152,4.41829583405449,3.459431618637298,25.529411764705884,1.9411764705882353,23.352941176470587,1.1055842932904747,3.4763337563450123,2.240597233170741
189455437,7508692,0,0,178,1.695689304536347,6.380604481489485,4.201841232302569,0.0,0.0,0.0,0.0,0.0,0.0
183211087,7508692,0,0,23,0.0,4.316827716832515,0.0,0.0,0.0,0.0,0.0,0.0,0.0
184839248,7508692,0,0,55,0.9182958340544896,5.490450622615565,1.584962500721156,0.0,0.0,0.0,0.0,0.0,0.0
185447504,7508692,0,0,11,0.0,3.459431618637298,0.0,0.0,0.0,0.0,0.0,0.0,0.0
185281620,7508692,0,0,31,0.0,4.825164052322361,0.0,0.0,0.0,0.0,0.0,0.0,0.0
190094422,7508692,0,0,1,0.0,0.0,0.0,0.0,0.0,0.0,0.0,0.0,0.0
126040,7508692,0,0,125,3.2481363974656174,5.755065778753944,5.807354922057609,0.0,0.0,0.0,0.0,0.0,0.0
184720474,7508692,0,0,9,0.0,2.94770277922009,0.0,0.0,0.0,0.0,0.0,0.0,0.0
183180387,7508692,19,1,7,0.0,2.8073549220576046,0.0,29.105263157894736,2.4210526315789473,53.89473684210526,1.4096426485602394,3.3738719067050593,2.585758201574096
185433192,7508692,0,0,36,0.0,4.982289237493325,1.0,0.0,0.0,0.0,0.0,0.0,0.0
99161192,7508692,0,0,10,0.0,3.321928094887362,1.0,0.0,0.0,0.0,0.0,0.0,0.0
193772651,7508692,0,0,4,0.0,2.0,0.0,0.0,0.0,0.0,0.0,0.0,0.0
55645292,7508692,0,0,43,1.6644977792004616,5.036616208140157,2.8073549220576046,0.0,0.0,0.0,0.0,0.0,0.0
46400622,7508692,0,0,12,0.0,3.584962500721156,0.0,0.0,0.0,0.0,0.0,0.0,0.0
7832693,7508692,0,0,74,3.140268978654648,5.956008939924043,5.072140159802107,0.0,0.0,0.0,0.0,0.0,0.0
131845242,7508692,0,0,9,0.0,2.94770277922009,1.584962500721156,0.0,0.0,0.0,0.0,0.0,0.0
184925310,7508692,0,0,37,0.0,5.101345257520845,0.0,0.0,0.0,0.0,0.0,0.0,0.0
182985856,7508692,0,0,19,0.0,4.247927513443588,1.0,0.0,0.0,0.0,0.0,0.0,0.0
183536771,7508692,0,0,12,0.0,3.584962500721156,1.0,0.0,0.0,0.0,0.0,0.0,0.0
178396292,7508692,0,0,7,0.0,2.5216406363433186,0.0,0.0,0.0,0.0,0.0,0.0,0.0
13395079,7508692,0,0,70,1.2516291673878228,5.5540735525665355,2.584962500721156,0.0,0.0,0.0,0.0,0.0,0.0
203836554,7508692,0,0,11,0.0,3.0271691184406193,0.0,0.0,0.0,0.0,0.0,0.0,0.0
188210318,7508692,0,0,19,0.0,3.9976702764876153,2.0,0.0,0.0,0.0,0.0,0.0,0.0
183393426,7508692,0,0,34,0.0,4.793345194191515,0.0,0.0,0.0,0.0,0.0,0.0,0.0
185486482,7508692,0,0,39,0.0,5.131556065016093,0.0,0.0,0.0,0.0,0.0,0.0,0.0
187937942,7508692,0,0,35,0.0,4.936286231168865,0.0,0.0,0.0,0.0,0.0,0.0,0.0
70212762,7508692,2,1,9,0.0,3.169925001442312,1.0,39.5,7.5,39.0,2.050376042447919,4.430833239038336,3.614369445886757
184020131,7508692,0,0,60,0.0,5.627642470572459,0.0,0.0,0.0,0.0,0.0,0.0,0.0
185500840,7508692,33,2,4,1.0,2.0,1.0,26.181818181818183,2.090909090909091,38.333333333333336,1.1512759008745739,3.383525548595926,2.223882396062638
182527144,7508692,0,0,6,0.0,2.2516291673878226,0.0,0.0,0.0,0.0,0.0,0.0,0.0
184777899,7508692,0,0,15,0.0,3.906890595608518,0.0,0.0,0.0,0.0,0.0,0.0,0.0
185382065,7508692,0,0,4,0.0,2.0,0.0,0.0,0.0,0.0,0.0,0.0,0.0
184523971,7508692,0,0,23,0.0,4.436605434317882,0.0,0.0,0.0,0.0,0.0,0.0,0.0
189048003,7508692,0,0,3,0.0,1.584962500721156,0.0,0.0,0.0,0.0,0.0,0.0,0.0
89926852,7508692,0,0,9,0.0,3.169925001442312,1.0,0.0,0.0,0.0,0.0,0.0,0.0
186553549,7508692,21,1,108,1.3905978576116769,6.024001419112094,5.028639311838574,31.428571428571427,2.5238095238095237,24.047619047619047,1.4241771698869985,3.5601623678741396,2.4534433331374768
183579855,7508692,0,0,40,0.0,4.881687083026443,1.0,0.0,0.0,0.0,0.0,0.0,0.0
182895825,7508692,0,0,20,0.0,4.321928094887363,0.0,0.0,0.0,0.0,0.0,0.0,0.0
188853462,7508692,17,1,7,0.0,2.8073549220576046,1.584962500721156,30.647058823529413,2.6470588235294117,23.352941176470587,1.2427705788683117,3.4984208203415776,2.1983191815325545
188955865,7508692,0,0,23,0.0,4.523561956057013,0.0,0.0,0.0,0.0,0.0,0.0,0.0
167019742,7508692,0,0,1,0.0,0.0,0.0,0.0,0.0,0.0,0.0,0.0,0.0
183119071,7508692,0,0,65,0.0,5.826138774533635,0.0,0.0,0.0,0.0,0.0,0.0,0.0
183485666,7508692,0,0,19,0.0,4.247927513443588,0.0,0.0,0.0,0.0,0.0,0.0,0.0
107336932,7508692,0,0,19,0.0,3.9976702764876153,0.0,0.0,0.0,0.0,0.0,0.0,0.0
147592432,7508692,21,1,33,1.8638263900908156,4.680757755722091,3.9477027792200903,31.428571428571427,2.5238095238095237,27.61904761904762,1.4016424778641825,3.624126351845092,2.5049165013574046
185265394,7508692,0,0,14,0.7219280948873623,3.6644977792004623,2.321928094887362,0.0,0.0,0.0,0.0,0.0,0.0
183391480,7508692,0,0,10,0.0,3.321928094887362,0.0,0.0,0.0,0.0,0.0,0.0,0.0
182830332,7508692,0,0,10,0.0,3.321928094887362,0.0,0.0,0.0,0.0,0.0,0.0,0.0
11226368,7508692,19,1,23,0.9852281360342516,4.001822825622231,2.8073549220576046,29.105263157894736,2.4210526315789473,53.05263157894737,1.3577885361373838,3.3110051749385,2.4380026793605376
183727368,7508692,12,2,2,1.0,1.0,1.0,23.333333333333332,3.0833333333333335,69.16666666666667,1.7657152336860917,3.534802973021056,2.817424482406926
48073992,7508692,17,1,14,0.0,3.8073549220576055,1.0,28.294117647058822,2.4705882352941178,17.058823529411764,1.3941809125355453,2.9622010175348317,2.231186699489914
184995082,7508692,21,1,39,2.038760752862686,5.080274013734042,4.247927513443588,31.428571428571427,2.5238095238095237,27.333333333333332,1.393312270113141,3.6051017681302375,2.490620085442
14193942,7508692,0,0,98,0.8112781244591328,6.077677288165312,3.0,0.0,0.0,0.0,0.0,0.0,0.0
183586072,7508692,0,0,47,1.0,5.384376085720193,1.0,0.0,0.0,0.0,0.0,0.0,0.0
184390936,7508692,0,0,10,0.0,3.321928094887362,0.0,0.0,0.0,0.0,0.0,0.0,0.0
57234722,7508692,0,0,6,0.0,2.2516291673878226,0.0,0.0,0.0,0.0,0.0,0.0,0.0
188398883,7508692,0,0,67,0.0,5.536092548602143,1.584962500721156,0.0,0.0,0.0,0.0,0.0,0.0
188720419,7508692,0,0,12,0.0,3.418295834054489,0.0,0.0,0.0,0.0,0.0,0.0,0.0
180253992,7508692,0,0,2,0.0,1.0,0.0,0.0,0.0,0.0,0.0,0.0,0.0
185369898,7508692,0,0,4,0.0,2.0,0.0,0.0,0.0,0.0,0.0,0.0,0.0
183751979,7508692,0,0,43,0.0,5.193706615167214,0.0,0.0,0.0,0.0,0.0,0.0,0.0
185576752,7508692,0,0,44,0.0,5.32306798227366,0.0,0.0,0.0,0.0,0.0,0.0,0.0
185382202,7508692,0,0,18,0.0,3.9477027792200903,0.0,0.0,0.0,0.0,0.0,0.0,0.0
188851515,7508692,0,0,32,0.0,4.788909765557392,0.0,0.0,0.0,0.0,0.0,0.0,0.0
180841792,7508692,0,0,3,0.0,1.584962500721156,0.0,0.0,0.0,0.0,0.0,0.0,0.0
40615232,7508692,0,0,29,0.0,4.789015477886192,0.0,0.0,0.0,0.0,0.0,0.0,0.0
162596162,7508692,0,0,17,0.0,3.969815782426811,0.0,0.0,0.0,0.0,0.0,0.0,0.0
189787466,7508692,0,0,24,0.0,4.017894147619623,0.0,0.0,0.0,0.0,0.0,0.0,0.0
183801167,7508692,0,0,10,1.0,3.321928094887362,1.0,0.0,0.0,0.0,0.0,0.0,0.0
184180053,7508692,0,0,10,0.0,3.121928094887362,0.0,0.0,0.0,0.0,0.0,0.0,0.0
164592982,7508692,0,0,3,0.0,1.584962500721156,0.0,0.0,0.0,0.0,0.0,0.0,0.0
183768407,7508692,0,0,14,0.8112781244591328,3.6644977792004623,2.0,0.0,0.0,0.0,0.0,0.0,0.0
187393375,7508692,0,0,4,0.0,2.0,0.0,0.0,0.0,0.0,0.0,0.0,0.0
185113953,7508692,0,0,12,1.0,3.188721875540867,1.0,0.0,0.0,0.0,0.0,0.0,0.0
185302374,7508692,0,0,2,0.0,1.0,0.0,0.0,0.0,0.0,0.0,0.0,0.0
52073832,7508692,0,0,48,0.0,5.444235677759422,0.0,0.0,0.0,0.0,0.0,0.0,0.0
185716076,7508692,0,0,43,1.5304930567574824,5.193706615167214,3.169925001442312,0.0,0.0,0.0,0.0,0.0,0.0
117091692,7508692,0,0,27,0.0,4.532665279941249,2.584962500721156,0.0,0.0,0.0,0.0,0.0,0.0
188239214,7508692,0,0,25,1.0,4.323856189774722,1.0,0.0,0.0,0.0,0.0,0.0,0.0
94793072,7508692,0,0,63,2.8219543994882517,5.451574915900493,5.297079327540667,0.0,0.0,0.0,0.0,0.0,0.0
138476912,7508692,0,0,3,0.0,0.9182958340544896,0.0,0.0,0.0,0.0,0.0,0.0,0.0
186301810,7508692,0,0,7,0.0,2.8073549220576046,0.0,0.0,0.0,0.0,0.0,0.0,0.0
183412084,7508692,0,0,19,0.0,3.82687488186464,0.0,0.0,0.0,0.0,0.0,0.0,0.0
184292725,7508692,0,0,2,0.0,1.0,0.0,0.0,0.0,0.0,0.0,0.0,0.0
9801080,7508692,0,0,28,1.0,4.735926350629031,1.0,0.0,0.0,0.0,0.0,0.0,0.0
194073987,7508692,0,0,8,0.0,3.0,0.0,0.0,0.0,0.0,0.0,0.0,0.0
177057162,7508692,0,0,5,1.0,2.321928094887362,1.0,0.0,0.0,0.0,0.0,0.0,0.0
36167052,7508692,0,0,15,1.4488156357251847,3.773557262275185,2.8073549220576046,0.0,0.0,0.0,0.0,0.0,0.0
197152145,7508692,0,0,2,0.0,1.0,0.0,0.0,0.0,0.0,0.0,0.0,0.0
18863511,7508692,0,0,57,1.584962500721156,5.714383215881168,3.584962500721156,0.0,0.0,0.0,0.0,0.0,0.0
186733985,7508692,17,1,59,2.0060603254083382,5.413973821321105,4.459431618637295,28.294117647058822,2.4705882352941178,14.411764705882353,1.2761773639821137,2.8676940234605075,2.0276907219230145
183225762,7508692,0,0,23,0.0,4.436605434317882,0.0,0.0,0.0,0.0,0.0,0.0,0.0
2921892,7508692,0,0,63,3.103366717747379,5.202539680528906,4.906890595608519,0.0,0.0,0.0,0.0,0.0,0.0
5442982,7508692,0,0,5,0.0,2.321928094887362,0.0,0.0,0.0,0.0,0.0,0.0,0.0
188683687,7508692,0,0,186,0.0,6.545920507766397,0.0,0.0,0.0,0.0,0.0,0.0,0.0
160644522,7508692,23,2,6,1.9182958340544893,2.584962500721156,2.584962500721156,29.0,2.391304347826087,29.304347826086957,1.3408335003570175,3.667985887116673,2.5228174216232886
186903979,7508692,21,1,42,0.5435644431995964,4.891851946382241,3.0,31.428571428571427,2.5238095238095237,27.19047619047619,1.464512094382812,3.614074247527942,2.55004520512979
186793390,7508692,0,0,26,0.0,4.700439718141092,0.0,0.0,0.0,0.0,0.0,0.0,0.0
194276783,7508692,0,0,193,1.456801781775028,6.539677598137921,4.459431618637295,0.0,0.0,0.0,0.0,0.0,0.0
182474160,7508692,17,1,10,1.0,3.121928094887362,1.0,30.647058823529413,2.6470588235294117,23.176470588235293,1.1839470494565472,3.4799165160574748,2.2327287403985046
88286642,7508692,0,0,32,0.0,4.6875,0.0,0.0,0.0,0.0,0.0,0.0,0.0
182967735,7508692,0,0,74,1.5,6.064117048032151,2.0,0.0,0.0,0.0,0.0,0.0,0.0
101817,7508692,0,0,75,1.7799500009615417,5.851956523742682,4.169925001442313,0.0,0.0,0.0,0.0,0.0,0.0
189277628,7508692,0,0,46,0.0,5.142914673354251,0.0,0.0,0.0,0.0,0.0,0.0,0.0
12750272,7508692,0,0,6,0.0,2.584962500721156,0.0,0.0,0.0,0.0,0.0,0.0,0.0
91497922,7508692,59,4,11,1.2987949406953985,3.2776134368191165,3.0,23.576271186440678,1.728813559322034,31.220338983050848,1.1435628931571709,3.344256404074499,2.1949478064644157
188812742,7508692,0,0,14,0.0,3.8073549220576055,0.0,0.0,0.0,0.0,0.0,0.0,0.0
141098442,7508692,0,0,33,0.9182958340544896,4.718488437474714,1.584962500721156,0.0,0.0,0.0,0.0,0.0,0.0
183477707,7508692,0,0,24,0.0,4.584962500721156,0.0,0.0,0.0,0.0,0.0,0.0,0.0
14304715,7508692,0,0,10,0.0,3.321928094887362,0.0,0.0,0.0,0.0,0.0,0.0,0.0
189468114,7508692,17,1,6,0.0,2.584962500721156,0.0,30.647058823529413,2.6470588235294117,23.41176470588235,1.2427705788683117,3.511502727479016,2.2915522698102695
183397843,7508692,0,0,15,0.0,3.640223928941851,0.0,0.0,0.0,0.0,0.0,0.0,0.0
183657939,7508692,0,0,41,0.0,5.1440181631019,0.0,0.0,0.0,0.0,0.0,0.0,0.0
183772639,7508692,0,0,13,0.0,3.7004397181410926,0.0,0.0,0.0,0.0,0.0,0.0,0.0
59508192,7508692,0,0,705,1.8716582732610971,7.438947204820187,4.789015477886192,0.0,0.0,0.0,0.0,0.0,0.0
7751144,7508692,0,0,61,1.2516291673878228,5.366698453029004,2.584962500721156,0.0,0.0,0.0,0.0,0.0,0.0
54171122,7508692,0,0,1,0.0,0.0,0.0,0.0,0.0,0.0,0.0,0.0,0.0
183868917,7508692,0,0,5,0.0,2.321928094887362,0.0,0.0,0.0,0.0,0.0,0.0,0.0
142761462,7508692,0,0,6,1.0,2.584962500721156,1.0,0.0,0.0,0.0,0.0,0.0,0.0
107138552,7508692,0,0,200,1.2414272072462909,6.622061814914189,5.692539136971755,0.0,0.0,0.0,0.0,0.0,0.0
184274425,7508692,0,0,4,0.0,2.0,0.0,0.0,0.0,0.0,0.0,0.0,0.0
54740472,7508692,0,0,3,0.0,1.584962500721156,0.0,0.0,0.0,0.0,0.0,0.0,0.0
184507899,7508692,0,0,24,0.0,4.584962500721156,1.0,0.0,0.0,0.0,0.0,0.0,0.0
118140412,7508692,24,2,3,0.9182958340544896,1.584962500721156,1.584962500721156,25.583333333333332,2.2083333333333335,48.625,1.3194987149757245,3.512982459934193,2.5155424061087355
12692989,7508692,0,0,16,1.8423709931771088,4.0,2.8073549220576046,0.0,0.0,0.0,0.0,0.0,0.0
158555652,7508692,0,0,117,1.3786137171821593,6.085967817781539,4.773557262275186,0.0,0.0,0.0,0.0,0.0,0.0
182912529,7508692,0,0,1,0.0,0.0,0.0,0.0,0.0,0.0,0.0,0.0,0.0
12666387,7508692,39,3,12,2.0,2.617492461184755,2.0,25.256410256410255,1.9743589743589745,24.076923076923077,1.259803656162013,3.3986731023512355,2.3351330794386675
13635092,7508692,0,0,29,1.1488348542809168,4.254195650150781,2.8073549220576046,0.0,0.0,0.0,0.0,0.0,0.0
179015192,7508692,25,2,14,1.4591479170272448,3.8073549220576055,2.584962500721156,28.32,2.28,28.56,1.3283302427715598,3.68235171203712,2.5370167370256693
185822747,7508692,0,0,36,0.0,5.114369445886754,0.0,0.0,0.0,0.0,0.0,0.0,0.0
184976927,7508692,0,0,4,0.0,2.0,0.0,0.0,0.0,0.0,0.0,0.0,0.0
184575526,7508692,0,0,25,0.0,4.643856189774723,0.0,0.0,0.0,0.0,0.0,0.0,0.0
186938919,7508692,0,0,10,0.0,3.121928094887362,0.0,0.0,0.0,0.0,0.0,0.0,0.0
111576622,7508692,47,3,138,3.977806325980929,6.557033758692412,6.527750345173053,25.19148936170213,1.872340425531915,31.95744680851064,1.0909353933235184,3.3596178040439812,2.1720060865090347
199355950,7508692,0,0,80,0.0,5.236768795973192,0.0,0.0,0.0,0.0,0.0,0.0,0.0
187690545,7508692,0,0,13,0.0,3.7004397181410926,0.0,0.0,0.0,0.0,0.0,0.0,0.0
183375419,7508692,0,0,16,0.0,4.0,0.0,0.0,0.0,0.0,0.0,0.0,0.0
114286142,7508692,21,1,3,1.0,1.584962500721156,1.0,31.428571428571427,2.5238095238095237,29.047619047619047,1.442777067868507,3.7715451735118033,2.6452833003678853
186472010,7508692,17,1,11,1.5,3.459431618637298,2.0,28.294117647058822,2.4705882352941178,17.235294117647058,1.3059456184178984,2.9826670942066142,2.1723631700781496
186840650,7508692,0,0,38,0.8112781244591328,5.090032776601483,2.0,0.0,0.0,0.0,0.0,0.0,0.0
173940302,7508692,0,0,14,0.0,3.52164063634332,0.0,0.0,0.0,0.0,0.0,0.0,0.0
76426832,7508692,0,0,1,0.0,0.0,0.0,0.0,0.0,0.0,0.0,0.0,0.0
144178772,7508692,0,0,7,1.5,2.8073549220576046,2.0,0.0,0.0,0.0,0.0,0.0,0.0
188259925,7508692,0,0,8,0.0,3.0,0.0,0.0,0.0,0.0,0.0,0.0,0.0
189101654,7508692,0,0,46,0.0,5.202803532096936,0.0,0.0,0.0,0.0,0.0,0.0,0.0
189331031,7508692,17,1,11,0.0,3.459431618637298,1.0,30.647058823529413,2.6470588235294117,23.11764705882353,1.2427705788683117,3.4600633676015957,2.2327287403985046
201403993,7508692,0,0,25,0.0,4.323856189774722,0.0,0.0,0.0,0.0,0.0,0.0,0.0
182552170,7508692,0,0,33,0.0,4.900306619292896,0.0,0.0,0.0,0.0,0.0,0.0,0.0
184557163,7508692,0,0,13,0.0,3.7004397181410926,0.0,0.0,0.0,0.0,0.0,0.0,0.0
182761083,7508692,39,4,9,2.94770277922009,3.169925001442312,3.169925001442312,22.615384615384617,1.8717948717948718,36.205128205128204,1.1747473980147625,3.237384199340422,2.216404607153758
184043132,7508692,0,0,7,0.0,2.8073549220576046,0.0,0.0,0.0,0.0,0.0,0.0,0.0
188989054,7508692,22,2,72,1.5487949406953985,5.548329341690043,3.0,27.727272727272727,2.3636363636363638,18.227272727272727,1.1298974289761516,3.3039742793746942,2.1363992139151375
183111297,7508692,0,0,36,0.0,4.982289237493325,0.0,0.0,0.0,0.0,0.0,0.0,0.0
91141762,7508692,0,0,3,0.0,1.584962500721156,0.0,0.0,0.0,0.0,0.0,0.0,0.0
183910025,7508692,0,0,39,0.0,5.285402218862247,0.0,0.0,0.0,0.0,0.0,0.0,0.0
79025802,7508692,5,2,65,1.4591479170272448,5.161226759935579,4.058813890331201,25.2,3.8,7.6,0.9119800003846166,2.691065444060912,1.5509775004326936
87289482,7508692,0,0,52,1.8799649487271108,4.815072410115944,3.169925001442312,0.0,0.0,0.0,0.0,0.0,0.0
183883405,7508692,0,0,50,0.0,5.428758439731458,0.0,0.0,0.0,0.0,0.0,0.0,0.0
184192656,7508692,0,0,6,0.0,2.584962500721156,0.0,0.0,0.0,0.0,0.0,0.0,0.0
184432272,7508692,0,0,1,0.0,0.0,0.0,0.0,0.0,0.0,0.0,0.0,0.0
188569232,7508692,0,0,10,0.0,3.321928094887362,0.0,0.0,0.0,0.0,0.0,0.0,0.0
189695634,7508692,0,0,12,0.0,3.084962500721156,0.0,0.0,0.0,0.0,0.0,0.0,0.0
187969173,7508692,0,0,6,0.0,2.584962500721156,0.0,0.0,0.0,0.0,0.0,0.0,0.0
14040728,7508692,8,3,4,1.0,2.0,1.0,25.125,3.75,94.625,2.05574834821974,3.2444498350031337,2.8691573406958337
188427931,7508692,0,0,34,0.0,4.969815782426809,0.0,0.0,0.0,0.0,0.0,0.0,0.0
189789855,7508692,0,0,12,0.0,3.584962500721156,0.0,0.0,0.0,0.0,0.0,0.0,0.0
126502562,7508692,0,0,35,0.8112781244591328,4.8791433740260075,2.0,0.0,0.0,0.0,0.0,0.0,0.0
190795429,7508692,0,0,32,0.0,4.75,0.0,0.0,0.0,0.0,0.0,0.0,0.0
183340714,7508692,0,0,32,0.0,5.0,0.0,0.0,0.0,0.0,0.0,0.0,0.0
199917231,7508692,0,0,27,0.0,4.384517131793101,0.0,0.0,0.0,0.0,0.0,0.0,0.0
187045552,7508692,0,0,1,0.0,0.0,0.0,0.0,0.0,0.0,0.0,0.0,0.0
183850673,7508692,0,0,15,0.0,3.906890595608518,0.0,0.0,0.0,0.0,0.0,0.0,0.0
188430002,7508692,0,0,47,0.4394969869215134,5.224593638819619,3.459431618637298,0.0,0.0,0.0,0.0,0.0,0.0
77850292,7508692,0,0,12,2.128085278891395,3.584962500721156,2.8073549220576046,0.0,0.0,0.0,0.0,0.0,0.0
134317762,7508692,0,0,15,0.0,3.7735572622751845,1.0,0.0,0.0,0.0,0.0,0.0,0.0
186648261,7508692,0,0,8,0.0,2.75,0.0,0.0,0.0,0.0,0.0,0.0,0.0
188661448,7508692,0,0,25,0.0,4.643856189774723,0.0,0.0,0.0,0.0,0.0,0.0,0.0
183584461,7508692,6,1,5,0.9182958340544896,2.321928094887362,1.584962500721156,28.333333333333332,4.5,6.833333333333333,1.695711574634973,2.543780357060361,1.8208020839342967
187127503,7508692,0,0,8,0.0,3.0,0.0,0.0,0.0,0.0,0.0,0.0,0.0
213034706,7508692,0,0,5,0.0,1.9219280948873623,0.0,0.0,0.0,0.0,0.0,0.0,0.0
189675224,7508692,0,0,37,0.0,4.993237149412736,1.0,0.0,0.0,0.0,0.0,0.0,0.0
183973593,7508692,0,0,17,0.0,4.08746284125034,0.0,0.0,0.0,0.0,0.0,0.0,0.0
186103513,7508692,0,0,5,0.0,2.321928094887362,0.0,0.0,0.0,0.0,0.0,0.0,0.0
70993632,7508692,0,0,4,0.0,2.0,0.0,0.0,0.0,0.0,0.0,0.0,0.0
1785570,7508692,74,13,13,2.6416041678685933,3.7004397181410926,3.169925001442312,20.135135135135137,1.5405405405405406,29.972972972972972,1.0723270833511447,3.3644580397030275,2.175740655425001
183723750,7508692,0,0,166,0.0,6.62501838638295,0.0,0.0,0.0,0.0,0.0,0.0,0.0
186332903,7508692,0,0,2,0.0,1.0,0.0,0.0,0.0,0.0,0.0,0.0,0.0
182894318,7508692,0,0,11,0.0,3.459431618637298,0.0,0.0,0.0,0.0,0.0,0.0,0.0
187657969,7508692,0,0,9,0.0,3.169925001442312,1.0,0.0,0.0,0.0,0.0,0.0,0.0
187705074,7508692,0,0,70,0.0,5.657575159678485,0.0,0.0,0.0,0.0,0.0,0.0,0.0
79773432,7508692,0,0,20,0.8112781244591328,3.884183719779189,2.0,0.0,0.0,0.0,0.0,0.0,0.0
183076601,7508692,0,0,12,0.0,3.584962500721156,0.0,0.0,0.0,0.0,0.0,0.0,0.0
188440312,7508692,0,0,5,0.0,2.321928094887362,0.0,0.0,0.0,0.0,0.0,0.0,0.0
52811512,7508692,0,0,179,1.7607912955405012,6.584376842485393,5.3219280948873635,0.0,0.0,0.0,0.0,0.0,0.0
91389692,7508692,0,0,6,0.0,2.584962500721156,2.0,0.0,0.0,0.0,0.0,0.0,0.0
185620224,7508692,0,0,7,0.0,2.8073549220576046,0.0,0.0,0.0,0.0,0.0,0.0,0.0
187705089,7508692,0,0,9,0.0,3.169925001442312,0.0,0.0,0.0,0.0,0.0,0.0,0.0
146265862,7508692,0,0,5,0.0,2.321928094887362,0.0,0.0,0.0,0.0,0.0,0.0,0.0
64593672,7508692,0,0,37,0.8683927290103626,4.993237149412737,4.0,0.0,0.0,0.0,0.0,0.0,0.0
188526345,7508692,0,0,38,0.0,4.964904158123497,0.0,0.0,0.0,0.0,0.0,0.0,0.0
77088522,7508692,0,0,1,0.0,0.0,0.0,0.0,0.0,0.0,0.0,0.0,0.0
211619598,7508692,0,0,3,0.0,1.584962500721156,0.0,0.0,0.0,0.0,0.0,0.0,0.0
184807183,7508692,0,0,8,0.0,3.0,0.0,0.0,0.0,0.0,0.0,0.0,0.0
188602131,7508692,0,0,4,0.0,2.0,0.0,0.0,0.0,0.0,0.0,0.0,0.0
184743705,7508692,0,0,37,0.0,4.885129041304628,0.0,0.0,0.0,0.0,0.0,0.0,0.0
189972251,7508692,0,0,19,0.0,3.892407118592878,0.0,0.0,0.0,0.0,0.0,0.0,0.0
184276767,7508692,0,0,18,0.0,3.905764584655453,1.584962500721156,0.0,0.0,0.0,0.0,0.0,0.0
183336744,7508692,0,0,55,0.0,5.549452668030775,1.0,0.0,0.0,0.0,0.0,0.0,0.0
182841136,7508692,0,0,18,0.9182958340544896,4.169925001442313,1.584962500721156,0.0,0.0,0.0,0.0,0.0,0.0
189302580,7508692,0,0,71,1.1488348542809168,5.762285499725427,2.8073549220576046,0.0,0.0,0.0,0.0,0.0,0.0
178636602,7508692,0,0,1,0.0,0.0,0.0,0.0,0.0,0.0,0.0,0.0,0.0
184270650,7508692,12,2,7,0.0,2.8073549220576046,0.0,23.333333333333332,3.0833333333333335,68.75,1.849048567019425,3.384190062849589,2.9007578157402594
119445312,7508692,0,0,10,0.0,3.321928094887362,0.0,0.0,0.0,0.0,0.0,0.0,0.0
59512642,7508692,0,0,19,2.155968102145908,4.247927513443588,3.8073549220576055,0.0,0.0,0.0,0.0,0.0,0.0
185820994,7508692,0,0,10,0.0,3.321928094887362,0.0,0.0,0.0,0.0,0.0,0.0,0.0
147072842,7508692,0,0,8,0.0,2.0,0.0,0.0,0.0,0.0,0.0,0.0,0.0
188839756,7508692,0,0,13,0.0,3.7004397181410926,0.0,0.0,0.0,0.0,0.0,0.0,0.0
183097166,7508692,0,0,35,0.0,5.01499730265925,0.0,0.0,0.0,0.0,0.0,0.0,0.0
187498324,7508692,0,0,4,0.0,2.0,0.0,0.0,0.0,0.0,0.0,0.0,0.0
183420760,7508692,0,0,68,0.0,5.681438716626272,0.0,0.0,0.0,0.0,0.0,0.0,0.0
96694112,7508692,17,1,3,0.0,1.584962500721156,0.0,30.647058823529413,2.6470588235294117,23.58823529411765,1.2427705788683117,3.5703262568907808,2.2915522698102695
183734118,7508692,0,0,8,0.0,3.0,0.0,0.0,0.0,0.0,0.0,0.0,0.0
80398182,7508692,0,0,18,0.7219280948873623,4.058813890331201,2.321928094887362,0.0,0.0,0.0,0.0,0.0,0.0
187010918,7508692,0,0,13,0.0,3.5465935642949384,0.0,0.0,0.0,0.0,0.0,0.0,0.0
64706412,7508692,23,2,5,1.5,2.321928094887362,2.0,25.695652173913043,2.260869565217391,50.91304347826087,1.4194291143917381,3.5605998423267757,2.564302642655008
183179124,7508692,0,0,36,0.8112781244591328,4.982289237493325,2.0,0.0,0.0,0.0,0.0,0.0,0.0
183719797,7508692,0,0,19,0.0,4.142664355548851,1.584962500721156,0.0,0.0,0.0,0.0,0.0,0.0
183345015,7508692,0,0,12,0.0,3.584962500721156,0.0,0.0,0.0,0.0,0.0,0.0,0.0
177850232,7508692,0,0,1,0.0,0.0,0.0,0.0,0.0,0.0,0.0,0.0,0.0
187281274,7508692,0,0,19,0.0,4.0374011976541135,0.0,0.0,0.0,0.0,0.0,0.0,0.0
152694652,7508692,0,0,12,0.0,3.4182958340544896,2.0,0.0,0.0,0.0,0.0,0.0,0.0
41236352,7508692,0,0,64,2.33012496531497,5.663909765557392,3.906890595608518,0.0,0.0,0.0,0.0,0.0,0.0
88012672,7508692,0,0,9,0.0,3.169925001442312,1.0,0.0,0.0,0.0,0.0,0.0,0.0
6604674,7508692,0,0,72,2.2806390622295662,5.5687553831764225,4.0,0.0,0.0,0.0,0.0,0.0,0.0
10569603,7508692,0,0,16,0.0,4.0,0.0,0.0,0.0,0.0,0.0,0.0,0.0
183852934,7508692,0,0,46,0.0,5.42019483644476,1.0,0.0,0.0,0.0,0.0,0.0,0.0
184145821,7508692,0,0,99,0.6685644431995964,5.773768494784287,4.0,0.0,0.0,0.0,0.0,0.0,0.0
161443742,7508692,0,0,13,0.0,3.334679141051595,0.0,0.0,0.0,0.0,0.0,0.0,0.0
71274402,7508692,0,0,75,0.0,5.872086857133709,2.321928094887362,0.0,0.0,0.0,0.0,0.0,0.0
183979941,7508692,0,0,35,0.0,4.957854445516393,0.0,0.0,0.0,0.0,0.0,0.0,0.0
184588198,7508692,0,0,35,0.8112781244591328,5.129283016944964,2.0,0.0,0.0,0.0,0.0,0.0,0.0
183347119,7508692,0,0,4,0.0,2.0,0.0,0.0,0.0,0.0,0.0,0.0,0.0
185085879,7508692,0,0,9,0.0,2.94770277922009,0.0,0.0,0.0,0.0,0.0,0.0,0.0
194006967,7508692,0,0,8,0.0,3.0,0.0,0.0,0.0,0.0,0.0,0.0,0.0
184629177,7508692,0,0,18,0.0,4.058813890331201,1.0,0.0,0.0,0.0,0.0,0.0,0.0
183427005,7508692,0,0,5,0.0,2.321928094887362,0.0,0.0,0.0,0.0,0.0,0.0,0.0
13877187,7508692,0,0,25,2.2684727516311223,4.403856189774723,4.0374011976541135,0.0,0.0,0.0,0.0,0.0,0.0
184135622,7508692,0,0,41,0.0,5.095237675297022,1.0,0.0,0.0,0.0,0.0,0.0,0.0
184584142,7508692,0,0,54,0.0,5.194430789080313,0.0,0.0,0.0,0.0,0.0,0.0,0.0
184174548,7508692,0,0,6,0.0,2.2516291673878226,0.0,0.0,0.0,0.0,0.0,0.0,0.0
187967449,7508692,0,0,16,0.0,3.875,0.0,0.0,0.0,0.0,0.0,0.0,0.0
98365402,7508692,0,0,88,0.0,5.594593933002822,1.0,0.0,0.0,0.0,0.0,0.0,0.0
183244762,7508692,0,0,18,0.0,4.058813890331201,1.584962500721156,0.0,0.0,0.0,0.0,0.0,0.0
191094753,7508692,10,1,2,0.0,1.0,0.0,31.6,3.4,19.6,1.4590285553341786,3.6403679227479175,2.4843675740880378
189114341,7508692,0,0,16,0.0,4.0,0.0,0.0,0.0,0.0,0.0,0.0,0.0
76013542,7508692,0,0,19,0.9182958340544896,4.142664355548851,1.584962500721156,0.0,0.0,0.0,0.0,0.0,0.0
69482472,7508692,0,0,8,1.0,3.0,1.0,0.0,0.0,0.0,0.0,0.0,0.0
186415081,7508692,0,0,12,0.0,3.584962500721156,0.0,0.0,0.0,0.0,0.0,0.0,0.0
187207658,7508692,0,0,6,0.0,2.584962500721156,0.0,0.0,0.0,0.0,0.0,0.0,0.0
71618542,7508692,0,0,13,0.9709505944546686,3.334679141051595,2.321928094887362,0.0,0.0,0.0,0.0,0.0,0.0
185833458,7508692,0,0,6,0.0,2.584962500721156,0.0,0.0,0.0,0.0,0.0,0.0,0.0
15196151,7508692,0,0,19,0.0,3.108375700053943,0.0,0.0,0.0,0.0,0.0,0.0,0.0
196747256,7508692,0,0,9,0.0,3.169925001442312,0.0,0.0,0.0,0.0,0.0,0.0,0.0
202815483,7508692,0,0,7,0.0,2.5216406363433186,0.0,0.0,0.0,0.0,0.0,0.0,0.0
189284348,7508692,0,0,7,0.0,2.8073549220576046,0.0,0.0,0.0,0.0,0.0,0.0,0.0
185067517,7508692,0,0,37,0.0,5.101345257520845,0.0,0.0,0.0,0.0,0.0,0.0,0.0
