member,group_id,r1,r2,r3,r4,r5,r6
11960335,1546866,2.240935407894395,0.13814253923000366,0.029785543476168262,0.029512437568034212,3.4397873612881122,0.680607071234186
35840022,1546866,3.570795241150339,1.442980297222182,0.18966816229785768,0.16315003214688034,0.0,0.23602654490495373
123576342,1546866,3.680395337943051,0.0018213019969633788,0.039969185362124585,0.0444041820057854,0.8447103524034392,0.014062230035457132
49168412,1546866,3.4619623695076283,2.449514274230422,0.25649334794118966,0.018493435908740665,0.0,0.14758561894638828
2363422,1546866,3.7563045493359475,0.042913041325951064,0.03608326768171438,0.09147896923905557,0.21781090761105926,0.10874180043886293
2605090,1546866,2.4854877502124038,0.19684741480842333,0.08183996892257167,0.028940739444935814,2.555542209418657,0.843246133918528
72718372,1546866,3.3662332916891056,0.561084450280973,0.08274677462963852,0.06644968410033808,0.0,0.7915907411176091
58423332,1546866,3.2624610523943494,3.2736545845044067,0.7233046710943538,0.06901517337159856,0.0,0.19130730612085392
93476902,1546866,2.488147013037199,0.1946560695782636,0.02724248528116417,0.029515077505316612,2.5479527227102046,0.8459385728692189
13146158,1546866,1.9100592572086073,0.3533088749397829,0.12199718059397739,0.06534159106541308,3.5029768866039244,1.6012315839250044
98635832,1546866,3.409655619317926,2.36389223126036,0.09320304413098891,0.024006273110325105,0.0,0.25235399689829163
14274632,1546866,3.284634996719069,3.204748277986312,0.4576707206306457,0.07426226971129478,0.0,0.2750339506915186
105859162,1546866,3.853245478467521,0.04155189294033733,0.03697510151251249,0.04446778741263882,0.2175173464341357,0.20142837218257936
10119258,1546866,1.5404393935163534,0.36993341527232887,1.7933356514077283,0.004361369427587079,4.640607934951088,1.63338467539232
11311202,1546866,3.744324784363156,1.17597321153529,0.49794364775042355,0.45722399021926763,0.07286211592654944,0.0
12126343,1546866,3.1766519898085206,4.082627996287181,0.002922746345493992,0.6465240793390161,0.0,0.13522565160495062
38035592,1546866,3.09543682637426,0.06371403749276884,0.03170734987662784,0.08319093738322537,2.5466570709739536,0.34122347830207816
84279432,1546866,3.632151310710146,0.5768909611919387,1.5045753693944353,0.15081304539819396,0.23037968921098625,0.0
105592972,1546866,3.850373853698694,0.04391411982224201,0.09156206147482676,0.04388711018344834,0.2244480541391867,0.19942724816172203
42702992,1546866,1.9303879293318202,0.3370953493437813,1.943318479047922,0.05613922701639432,3.436960077779931,1.5049605393783827
81004692,1546866,3.774621735131771,1.1513151672771202,0.029416856840989568,0.22585683856358232,0.0019103740089375203,0.02184332353692799
98680982,1546866,3.6452608311453054,0.03027076753745489,2.0167492520994887,0.12649578424937832,0.7687311109721165,0.0
11145368,1546866,3.470961543765857,2.5185600765753837,0.009348735139357899,0.5825550629284912,0.0,0.0
2009244,1546866,3.478427396898281,2.359561626742097,0.07339684135707861,0.3542393221928181,0.0,0.19948814018314748
75935,1546866,3.2393143019488235,2.8583450808267523,0.3472883978520178,0.23359674197287214,0.0,0.2871406868803139
10741923,1546866,3.5841201011424526,1.151390806121633,0.023405581099681855,0.2731029671081583,0.0,0.23693931531858187
55134372,1546866,3.8552658610419237,0.03992770822360033,0.029046423713269293,0.18608420238182707,0.214085422092537,0.19656998066976503
12767407,1546866,1.5740763034229173,0.34264272954730324,3.227252575700056,0.045909054607891416,4.5201557712978095,1.5642283524013518
4188340,1546866,3.084892731919454,5.203285999487639,2.255135878651708,0.4843934890397912,0.0,0.007585386637136121
8351929,1546866,3.573364705806905,1.0324922997950943,0.08751062486327292,0.18434818237995376,0.0,0.0897981806866886
97296572,1546866,3.5400199067885336,2.5397275507492907,0.09517400537531615,0.015028192822078726,0.0,0.036285971313239386
6703294,1546866,2.229029271846867,0.14813703680457413,0.6212640961688647,0.02512439118334276,3.509682129040208,0.6304853541793872
154187972,1546866,3.5742413287565946,1.0316767251158416,0.03897734065732379,0.04314835027452437,0.0,0.09487210037384891
1796293,1546866,3.553525480671665,2.78382528931787,0.015121973399153232,0.47470199021360715,0.05256208107769894,0.0
89155782,1546866,3.214720609521883,4.358249658178528,0.19934453777804412,0.15934288168121052,0.11822880162466427,0.0
11256007,1546866,3.7681227417924164,1.156664829274787,0.09124695935684976,0.13089385646540097,0.025551703434230685,0.018949710332512224
27891912,1546866,3.354408267710428,2.3573450667512637,0.14817745652216918,0.02377534534032186,0.0,0.3506034358824268
434378,1546866,3.846671844526582,0.04705450872405724,0.2444896594563331,0.2313176088508674,0.24713465522383554,0.17985800121130277
14199000,1546866,3.237775835070802,4.901336385288123,0.23738746854041726,0.32137043225162587,0.0027546301306804713,0.0
106909912,1546866,3.2106212365932967,3.698027643502474,0.07936324784954665,0.24063345756610743,0.0,0.2063880413903667
91390172,1546866,3.6679753172184832,0.012052864313583744,0.20438790132909834,0.08986741565921624,0.8893081551622898,0.0
73832672,1546866,3.847093912001361,0.0466883359564728,0.14226946031861407,0.18479733246643346,0.250661073035261,0.18412281638318329
25903342,1546866,3.285543488945304,2.5148173513478342,2.616739046572763,0.3327039702179408,0.0,0.24518821630988163
61786352,1546866,2.784610565543382,0.21182498122679372,0.6615201032591922,0.025459147999317682,2.298725095192883,0.923379298951601
6717687,1546866,3.6379916558153105,0.03631750119307611,1.357898031341307,0.03511137910822685,0.8630560345091092,0.0
8966392,1546866,3.6524039663042447,0.024505942436744574,1.8137966474946678,0.033403533937801794,0.7732829805371458,0.0
51058942,1546866,1.9091363230574554,0.35423064091021733,0.39034596186972625,0.1104386412336068,3.527558893324409,1.573921406003222
4514048,1546866,3.557031545252352,2.3476804649675613,0.503898900627696,0.39928551719644667,0.005977599390341855,0.05771283540596557
2078978,1546866,3.587230310321188,1.2513463446072006,1.2452059882982123,0.02535301006162388,0.0,0.23519761225304112
9658630,1546866,2.9586403562646884,6.044757311751462,0.3425812793189145,0.452091303055602,0.09057080884820207,0.0
19849491,1546866,3.3107382021227347,2.0353601217006037,0.45750025868135713,0.2266457146864494,0.0,0.4468155298638619
3213595,1546866,2.916213088582336,6.3599700318932655,1.39262930299705,0.24265728596039018,0.0,0.02285566843152798
105591082,1546866,3.853918939325658,0.041010498034756614,0.034332208912765026,0.0916732590690349,0.2163733716536269,0.19980890834495826
8270130,1546866,3.651251708032765,0.025614275433375584,0.73037369405957,0.08609814104012317,0.885472677933609,0.0
9736508,1546866,3.6592295278547082,0.019139140775571436,0.4617276077480811,0.18232704918812298,0.8842236758003407,0.0
10948933,1546866,3.2379394269199993,4.90113212080697,0.05809122048163969,0.6997778160773018,0.0007449079513667749,0.0
11979079,1546866,3.1606942471355737,5.295350513717862,0.12480614483669777,0.5383858244703617,0.0,0.003028844537953464
61354312,1546866,3.562447476682014,2.343045764425707,0.13381169462219503,0.26030345386686876,0.0,0.07620980121887311
58489162,1546866,3.853245478467521,0.04155189294033733,0.03697510151251249,0.04446778741263882,0.2175173464341357,0.20142837218257936
77828432,1546866,2.480479834166577,0.20098896912829986,0.18694166368933673,0.07531566341811795,2.576711145468494,0.8329753586065678
54661462,1546866,3.34690074605168,2.3123774056238497,0.5063233577475674,0.25946425819773566,0.00024985037710317505,0.2245198812691
129341782,1546866,3.349338739940288,3.254445076857184,0.0325524030619292,0.16858257423145917,0.0,0.0
102537562,1546866,3.3381490018643447,3.2636606608643723,0.091382313147432,0.026336377814252094,0.0,0.21388846039423878
57100652,1546866,3.3153745270305675,1.6485673480073866,0.454324539515471,0.15161068004121403,0.0,0.42616836870893243
11043186,1546866,3.1694020135609504,4.624779738526963,0.4558927920228436,0.2867159798642935,0.0,0.02009827000991403
59445622,1546866,3.3279897144110246,1.842679908985192,0.30158572871403216,0.09557549366539286,0.0,0.5199680345362632
93129092,1546866,1.9100592572086073,0.3533088749397829,0.12199718059397739,0.06534159106541308,3.5029768866039244,1.6012315839250044
55839112,1546866,3.5734950201214546,1.4408579364330274,0.14166399905614982,0.11657600934597534,0.0,0.2357176144767373
12126604,1546866,3.313324246177816,3.640930054777554,0.06850714997867205,0.47928772298157774,0.0,0.04395119926602868
104728972,1546866,3.375207306382942,2.238324326799163,0.03633949176679254,0.030514092303303784,0.0,0.2649783889089114
69552532,1546866,3.672910810191772,0.007991097747347782,0.14969385376821118,0.043375955159225946,0.8716491169061865,0.0057977332171831415
166486422,1546866,3.680395337943051,0.0018213019969633788,0.039969185362124585,0.0444041820057854,0.8447103524034392,0.014062230035457132
506265,1546866,3.663138852246927,0.015895506765126643,0.9308250646076514,0.03865555465635263,0.8317732491902639,0.0
71401882,1546866,3.689147426358484,1.1693055572588638,0.1948129774696257,0.2238658936163295,0.0,0.22950009441010688
13423009,1546866,3.5426770321402357,2.5375425196837424,0.03533668906024151,0.10993136635260481,0.0,0.03262262969835414
10725794,1546866,2.8731551344859443,6.853734545554788,0.1370201769898373,1.2154358159698775,0.0,0.0
36082082,1546866,3.0898101514671255,0.06834492848197327,0.24699217340520238,0.03430443624831426,2.555502807599101,0.3352361501521955
64561572,1546866,3.3913130906271247,2.276656317733199,0.18452028070175694,0.40478109737155005,0.0,0.22542907443868496
95955372,1546866,3.524936011540129,2.7052621442065283,0.4712465729307914,0.004339299997010837,0.0,0.09973496451758287
15612341,1546866,3.609621000276572,1.233398253286352,0.5120986296626399,0.2189573655821684,0.0,0.23496613373366598
129296822,1546866,3.497094991862572,0.021560464734646245,0.037738329643330806,0.04046464738628504,1.7900230355880702,0.12583057726576116
9339326,1546866,2.884948208124448,6.844337019506813,0.1832987511734065,0.46092299588049884,0.0,0.0
48378302,1546866,3.229134868246449,4.908384115958954,0.30142063942737324,0.22607139869635412,0.026956372882394927,0.0
169128392,1546866,3.682727086845187,0.0,0.029400675023709327,0.2332083312767747,0.840956134233562,0.0077087577998852614
1464786,1546866,3.18297470608584,1.908121983228782,3.594342021261332,0.2637284167665501,0.0,0.5402851562324045
33442262,1546866,3.843502190234547,0.04967028842994741,0.2504171819550792,0.1839444517808368,0.26558623473178716,0.17608271388097874
9636319,1546866,3.3141351164927433,3.9210235286183623,0.07181005474333148,0.46545263521404734,0.0,0.0
14219747,1546866,2.4808896465595662,0.2008605887897645,0.7659868745992848,0.11896734570954337,2.5892671566968284,0.7929839742988295
70423012,1546866,3.3857854178074103,2.281079472200523,0.29895912321311424,0.16825587860023905,0.0,0.2343974390014015
105566692,1546866,3.847615348101386,0.04625530135565915,0.25540153651514336,0.04242018524009247,0.2387651511818305,0.18747414163018733
9134567,1546866,2.7854514123582117,0.21099328724557037,0.23759030427697578,0.02814859570486229,2.289485335810906,0.9498735690361799
8600042,1546866,3.491153860239892,0.8946778991818151,1.240228403796496,0.09020107817615662,0.0005265559309640065,0.37951063486616643
80091642,1546866,3.398303791782739,2.832312901200687,0.029828462035044915,0.18964872081176076,0.0,0.09612165980089335
69564922,1546866,3.5767549513015973,1.4381015208379744,0.034697045969676855,0.07018830368697121,0.0,0.23754021087243346
12237308,1546866,3.488908364157286,0.6154684372871964,0.019319497376414856,0.20551889035913604,0.0,0.724739721945409
129487372,1546866,3.471421482118947,2.518361287791747,0.1928468909806782,0.20420192565431589,0.0,0.0
7567888,1546866,3.215097261663244,3.311129418279027,5.91410760598926,0.13497875905734086,0.0,0.0
55263792,1546866,3.5752219818601327,1.030887692464942,0.020458457161962554,0.37341102569373746,0.0,0.08512011764176936
13132349,1546866,3.079411348907847,0.07707411753545648,0.6768877751069248,0.07839334183274572,2.6209283274470483,0.29242568461078666
83683902,1546866,3.676863600134406,0.004774700305483148,0.29938269186188954,0.13684827018217163,0.8452050968136448,0.0029087420558307833
96889412,1546866,3.683219234861165,1.174027395174427,0.3038118778967074,0.08150296562407111,0.0,0.23679469257875432
9734731,1546866,3.0879382175023395,0.07014408810231071,1.294305339572196,0.07564285419567979,2.564136835792388,0.2753946704631313
81787472,1546866,3.67004676482253,0.01029795276254289,0.8279360324652528,0.03911095070893316,0.821921129775985,0.0
10959443,1546866,2.4860069497826163,0.19650223960482757,0.06794760927861027,0.3121409939423767,2.5674111266633375,0.8290150338906046
108061282,1546866,1.5233931511788796,0.38347308851955636,0.18023693326325158,0.012330047969121218,4.6679809786726,1.7338013176357583
9734756,1546866,3.4880814064726655,0.02915020662878049,0.6744413361280104,0.08327395583184734,1.8266043016794211,0.08504508325405655
75420262,1546866,3.3093642717922678,0.6834435385680361,2.214733999463576,0.14271045844140529,0.0,0.5028421094311593
12296813,1546866,3.491642424963348,0.026313058029334282,1.3519137510286514,0.03259379795640716,1.7872936271130642,0.06476791082752072
95410802,1546866,3.575384886746167,1.439314151463527,0.09116523290615917,0.06984412869882975,0.0,0.23676211517552945
4293235,1546866,3.0947710367299686,0.06424926406638548,0.03435028886745395,0.035985625931449564,2.5477963318600656,0.3428366282630832
10779263,1546866,3.29476730076372,3.451631152582731,0.0,0.8190333506421841,0.0,0.14045926699470754
101470852,1546866,2.3228007882492636,0.27673749619647625,0.18191507261150267,0.07228098589156762,2.3645894031989725,1.1642908935278378
9202317,1546866,3.840810426713866,0.05190345437709008,0.3086524081576851,0.13624420192687034,0.2796434685812178,0.17106624606635218
7170725,1546866,3.237673455553314,4.7738396768299065,0.1901773562386307,0.23372458243255193,0.0,0.0
8293038,1546866,3.4670118855911087,2.1134354698224467,0.19809797394425732,0.08260740653119486,0.0,0.0
14475957,1546866,2.778636445789268,0.21673452732808038,0.5106255312763689,0.026025951708519696,2.3372468466168193,0.9206032723152273
66716352,1546866,3.577021304393421,1.4378871590729545,0.02940561117624761,0.1645483773664954,0.0,0.23477728630794725
3263168,1546866,3.641412331919741,0.033539930591338536,1.2476822186545145,0.13013437466882433,0.8592718806345849,0.0
28345032,1546866,3.6550827068551524,0.02245130318450796,0.9867962137873164,0.08486761080066565,0.8477324781657923,0.0
71324362,1546866,3.2056135174091667,2.5026295413128863,0.3562241011511603,0.06250133183324033,0.0,0.4588256074033111
11535055,1546866,3.3762241663423405,2.288864030769286,0.6750025451842163,0.024206651067889624,0.0,0.23291288894960518
3185359,1546866,3.0842830771123397,0.07307622003871295,0.8314123412717825,0.03068586892096365,2.5925820899902883,0.29259883262418857
35988182,1546866,3.5494735976428564,1.8683632613189076,0.09624400248187176,0.04812469874529329,0.07128872132028971,0.0
32223962,1546866,2.9966148113279227,5.631671680282973,0.6049570543570711,0.4715930530304325,0.0,0.036280682448217784
59204332,1546866,2.7767384008190126,0.21831373251622385,0.6159036680124272,0.025440997946893383,2.345008087284984,0.9137602519897102
68844272,1546866,3.606807429452646,1.439783027689628,0.5200886286402656,0.11408802019669785,0.027730464396082212,0.055395392044723185
57754362,1546866,2.4889140219370294,0.19403946377389555,0.024599852955285786,0.0767253546856374,2.546561837216185,0.8442983891578983
1381115,1546866,3.884202653971557,0.06792437642045188,0.2556182746756806,0.08918619577933178,0.08395133817405741,0.0027804010710548587
14525182,1546866,3.4583985778263755,0.9975562161471667,0.4400578809590551,0.46673491727323135,0.0,0.39080931274243785
18551551,1546866,3.8479918000093125,0.045942205686015654,0.2031288852272255,0.04274523192969908,0.24055511172530966,0.18874680288612047
70077192,1546866,1.5288056117568154,0.37912338912164467,0.5879925121511564,0.10475689806454554,4.645276437937628,1.7124593836451223
15543051,1546866,3.3093089935902897,3.92521096647908,0.6795907598460195,0.084024269200252,0.050360917130110046,0.0
52089612,1546866,2.2305948566101295,0.14681569673987035,0.5114485428772056,0.07305023046254082,3.4981724696230603,0.6387557219122808
43045652,1546866,3.680395337943051,0.0018213019969633788,0.039969185362124585,0.0444041820057854,0.8447103524034392,0.014062230035457132
713495,1546866,3.840829545992976,0.05194863342393269,0.8349354746067285,0.039036535756410286,0.25829281215111793,0.15642636310317276
116177692,1546866,3.617825731192055,1.4306081977404324,0.09193671391800418,0.07006234660463799,0.0,0.0770849319816269
105724702,1546866,3.493809593228932,3.3675933984649644,0.0960736189542444,0.0,0.0,0.0
92844842,1546866,1.9086536936081144,0.3546749812759962,0.7052174304496731,0.06164823642088746,3.5277426241514624,1.5587478993622594
137280302,1546866,3.0947710367299686,0.06424926406638548,0.03435028886745395,0.035985625931449564,2.5477963318600656,0.3428366282630832
20515631,1546866,3.151875523095705,4.1029260986056775,1.898433913354877,0.39930639842417315,0.0,0.12053429086214133
12231474,1546866,3.488615814891489,2.6066236544563255,0.1849885824875054,0.29405655974243594,0.0,0.0436668192788409
85824312,1546866,3.6821570946235807,0.5366018274877375,0.4041430622717281,0.3004235752519592,0.1883347988035849,0.0
153371452,1546866,2.240935407894395,0.13814253923000366,0.029785543476168262,0.029512437568034212,3.4397873612881122,0.680607071234186
86332222,1546866,3.2003848656016793,4.369842646260372,0.03336124422819937,0.1133370129803163,0.0,0.10575196722980044
79688512,1546866,3.148087614130379,4.693052894784803,0.6201169497823033,0.18805607780854217,3.081604008087109e-05,0.04170205010966633
2089797,1546866,1.5716141980156983,0.3446974519424671,3.3840648683728896,0.0451675712703257,4.5353282679895734,1.5514812871892332
63824712,1546866,3.3979974369046246,3.087862247273562,0.4124641414519989,0.12683710664758627,0.12379263337512215,0.0
139199312,1546866,3.4694754253955806,2.1113544735069194,0.027158253795534607,0.27254365764808147,0.0,0.0
43830102,1546866,3.65878581499389,0.019505804725815087,0.4681885819076,0.08792212371358965,0.8897628541672309,0.0
13423461,1546866,3.5384529692782616,2.796178847335905,0.15076011060391728,0.09580522643011972,0.10357964467375715,0.0
12647272,1546866,1.5291099162472046,0.3787062357137356,0.06438697795803129,0.06071426522070474,4.630488470621688,1.7495133134276848
3699561,1546866,3.843808086549424,0.04936750663918165,0.35906580150662315,0.04190535611560676,0.2460930766205643,0.18396073707789443
14560108,1546866,3.6639420407517322,0.6023985144493522,0.9725648635121152,0.38836320535523433,0.19729235012942353,0.0
105565052,1546866,3.853245478467521,0.04155189294033733,0.03697510151251249,0.04446778741263882,0.2175173464341357,0.20142837218257936
17517441,1546866,2.231516767916641,0.14608523735912662,0.5681732440641366,0.025415610953721957,3.4978023521841104,0.6357585875315162
94962562,1546866,3.497094991862572,0.021560464734646245,0.037738329643330806,0.04046464738628504,1.7900230355880702,0.12583057726576116
9120655,1546866,3.8434208641489667,0.04983345978045352,1.19479689053213,0.03742708431916936,0.2282889048857367,0.14860423916469362
7367571,1546866,3.3201758137176807,3.2781300347603466,0.3423442584703923,0.4011416775900265,0.04285358677164129,0.0
21703591,1546866,3.508988294930709,2.5902504012789036,0.14167463609298406,0.10653093265657682,0.0,0.12121661077637266
12002244,1546866,0.9199465431130031,0.2304981452785978,0.44786863629270607,0.05767164398984561,7.197443719286861,1.0197801579764152
3466187,1546866,1.5882403290358649,0.33122622705432864,4.15531392310151,0.04202403884559071,4.478596835711721,1.513056094171935
75254732,1546866,2.7882587116170616,0.20868256722136758,0.07689451392060967,0.07645622777582106,2.287669185397997,0.9537229680791555
55034832,1546866,3.721729397481173,0.5045542262709249,0.0910352915338611,0.11549543114384626,0.11274799106018957,0.0
75541462,1546866,3.086676061380702,0.07094784175487832,0.14758461481251106,0.03469822070504475,2.585492061863059,0.32966303615394904
10351579,1546866,2.7810212001494166,0.21469645415034677,0.2453602972901306,0.027728132707052558,2.324955044994815,0.9376960398277886
13315035,1546866,3.691649328650619,0.5289334777584938,0.41384340460304425,0.11197199268350154,0.16914546203924707,0.0
10714077,1546866,3.33928514953636,3.9008388062468584,0.30115397423854423,0.08761060266005594,0.0,0.0
48851942,1546866,3.5046664619601153,1.1646187315417893,0.771336877954539,0.12660690950433948,0.0,0.3907925238098494
54989802,1546866,3.1239620306868257,5.120460027551746,0.1340193019178241,0.2638566574842053,0.0,0.0
92359662,1546866,2.4821719052832365,0.19958526862684992,0.08116077090800092,0.07608960804076172,2.574365554133928,0.8372159524473016
8389631,1546866,3.2411441814587407,3.188845753570591,0.5560622721731101,0.40450208190063097,0.0,0.16543323243746003
105167872,1546866,2.9660982897697457,6.166716515927674,0.7670684096226176,0.34974806209388465,0.0,0.031211292270933756
39187462,1546866,3.120228445364124,4.128035754359859,0.014510770777125226,0.4084563770225638,0.0,0.2483090827066341
9131016,1546866,3.0961490975603825,0.06353440023864143,1.480612071130344,0.45223687159421133,2.5385419561211324,0.2553967222504782
2647049,1546866,3.6087096780339714,1.6419580257812505,3.2011453812197646,0.04232164225348409,0.13046077865947733,0.0
119329802,1546866,3.490650583408016,0.02704981487513631,0.718881287153809,0.177529328919187,1.8121356734724765,0.08361468157500726
8342539,1546866,3.5305618464323483,2.700597777023676,0.13607931231208667,0.24274842661586415,0.0,0.10241112710848464
12469273,1546866,3.362025384851025,0.5645566433527858,0.2936384306032456,0.11193000761674787,0.0,0.7855390901387912
3130402,1546866,3.682727086845187,0.0,0.029400675023709327,0.2332083312767747,0.840956134233562,0.0077087577998852614
6157351,1546866,2.867776460958049,6.858116015970407,0.192915583928777,1.2146502859031028,0.010431975552356363,0.0
7873578,1546866,2.7799651855606657,0.21564379918510626,0.4483780550519229,0.1680826688058435,2.332531430616917,0.9204248932919449
8561712,1546866,2.480415668964784,0.20119258019618044,0.23113888276147948,0.35783469485941094,2.602882419910999,0.8090104673856172
42794032,1546866,3.2315833946731325,2.8646596540207927,0.7212242089154125,0.13682836855515113,0.0,0.28153016206772385
10771508,1546866,3.180655824310377,3.466931777834185,0.13237067214411316,0.2990458162146876,0.0,0.14490207990208495
56360002,1546866,3.0724265671246584,5.774689373672147,0.2763447373340276,0.6078409244704515,0.0,0.0
19590211,1546866,3.498332070712142,2.343837680652298,0.6762219393558427,0.11546362777822866,0.005358619248752404,0.07957835029776034
3869765,1546866,1.9088419126856382,0.3544322908812116,0.3869195558640674,0.1106571221991943,3.5203322184678214,1.578360357656589
111676492,1546866,3.082531254164672,4.873159087243385,0.13346812709075012,0.27641092898562036,0.0,0.11311335783518672
127595602,1546866,2.2332682721546506,0.14455197349615406,0.35389722802052404,0.026861554114827074,3.4782052447762575,0.6549850574856925
126040,1546866,2.9140544058158797,5.952826166125654,4.304989038070111,0.4836146840472635,0.0,0.0
1801305,1546866,3.32930164567225,0.5909258962842536,1.7505251491992393,0.05538930412958767,0.0,0.7584331779722383
49792092,1546866,3.7655847803713205,1.158677035106036,0.1976653106268005,0.08278539908965703,0.01556672379419742,0.023804184685165302
263263,1546866,3.5278154332278033,2.703074274468472,0.44101229124016694,0.6179894600928046,0.00044937139338593765,0.0796155291184403
85789792,1546866,3.3583498583511346,0.6440629948637122,0.2508689039280224,0.10804481781981633,0.0,0.5349717645756159
69428322,1546866,3.131734363339395,4.705704891198947,0.11980267166694028,0.5201851947589072,0.013389690580974892,0.0
121543782,1546866,3.4927699939864367,0.02516204155878978,0.14916400609486907,0.03923671445611816,1.8084285018876005,0.11704771818164704
3015784,1546866,2.240935407894395,0.13814253923000366,0.029785543476168262,0.029512437568034212,3.4397873612881122,0.680607071234186
73661552,1546866,2.926280490633564,5.89242664934519,1.496185721693873,0.2652677541850143,0.002278590722167294,0.016647563505324946
10251379,1546866,2.9860532045104984,6.150282193129961,0.0174245469424986,0.40233878743737367,0.0,0.03894451688846979
116053122,1546866,3.497094991862572,0.021560464734646245,0.037738329643330806,0.04046464738628504,1.7900230355880702,0.12583057726576116
11623557,1546866,3.5326319662003036,2.6990431381524167,0.19538369312452014,0.24227418955121094,0.0,0.0960616988060053
57752712,1546866,3.3586096628262125,3.195971107420582,0.1279602611988053,0.5003243471774406,0.14357006377080386,0.0
7789718,1546866,2.9848948710542436,6.1513230636907,0.05535603145914495,0.7322238487764093,0.0,0.029657851523264694
65379482,1546866,3.8462848267379774,0.047273567682835686,0.09352494363427916,0.04382567789782472,0.24461672606650628,0.19507189067082137
166874272,1546866,3.6777795033290563,0.0039778195960035855,0.09455812139267353,0.04383516254693581,0.8511667906875167,0.011912243432447856
12178596,1546866,3.841531372342789,0.051401116800737244,1.0945371345886428,0.03770256925139579,0.2455051062911385,0.14797685347749526
7425191,1546866,3.089306479893543,0.06899323847708905,0.38864710731770236,0.5048847490372669,2.5953992517576925,0.29416902804542694
8436915,1546866,2.9742748058072954,6.1600353469885665,0.45886329055512587,0.21028297600142232,0.0,0.03906017183256812
11627701,1546866,2.4810550188731795,0.20054940093153498,0.24400460258600062,0.027712300057469573,2.579930294756634,0.8285832636027373
12844214,1546866,3.5427126264552373,2.3333008644702247,0.0,0.8274097767745565,0.0,0.01950074719977601
47559862,1546866,3.23278285480776,3.7060576174720024,1.2377124953476897,0.18663812257610585,0.0,0.1879227747003712
13903032,1546866,2.4779571835460916,0.2031545637171517,0.4057880671897169,0.026453943025292324,2.5969096574131876,0.8157858836840304
3566785,1546866,2.925092125109201,6.505512979878073,0.10807739109117791,0.7139434736316634,0.0,0.0
9213123,1546866,3.0346202127904243,4.681905206796835,0.10356518052941464,0.7575109044335303,0.0,0.1708401824586677
59524292,1546866,3.360153205438354,0.566194093996085,0.5616198191700801,0.1101064386509275,0.0,0.7739698994759746
63653062,1546866,3.6652029657795895,2.1325731825983523,0.09472004377736391,0.034935487171441446,0.041527339586763024,0.0
48319692,1546866,2.789261776173597,0.20790336040848229,0.12214342299283669,0.21766229724243216,2.285738503566355,0.9468299549386596
11578573,1546866,2.2417404573739557,0.1374953495545687,0.027143015817075445,0.076724680521116,3.4382953070547937,0.6789586866227971
2694350,1546866,3.522537655050432,1.2265108549543657,0.09077113248101615,0.03311842634460017,0.0,0.28343987486835637
64748752,1546866,3.24836319045672,2.36602130162874,0.2436908731412425,0.11723723173697521,0.0,0.394994124967238
10738904,1546866,3.6183940780874515,1.225970850360064,0.004775619899687172,0.5997009496527557,0.0,0.23789896345738004
41297122,1546866,3.772902998318396,0.5914878975900041,0.6230130228538512,0.10839408842786914,0.04565106830298137,0.03582766540190986
138689762,1546866,3.670733746055242,1.3627387818063332,0.31463039136829357,0.02466471092709262,0.020582465494415114,0.0030173401679042425
104561892,1546866,3.497094991862572,0.021560464734646245,0.037738329643330806,0.04046464738628504,1.7900230355880702,0.12583057726576116
31530212,1546866,3.085689183735782,0.07192169519901613,0.8313176151397248,0.03060599639049075,2.5842989431916594,0.2948194875070245
23295221,1546866,3.681003599086222,0.0013323093335308647,0.037325958974560924,0.09160666115050568,0.8437011943160961,0.01247194493095448
105565432,1546866,0.9206488887669275,0.2298093214801136,0.12501070906417316,0.1540798334581615,7.1640902568212015,1.0513016408539633
92695802,1546866,3.0839492264758563,0.07318812153409689,0.14889338997783824,0.03465713155155923,2.5989612276174285,0.3267480299903083
10493191,1546866,3.2202566288013164,2.8738131964081397,1.1225633484744864,0.4170505202149117,0.0,0.2695272992731197
75099402,1546866,3.491633288225759,0.026077038113513206,0.08900519358447383,0.1342399544057083,1.8147319844419418,0.1160464165080448
8400142,1546866,3.518937501632598,0.8720013744371852,0.02281269626049444,0.23982134218413828,0.0,0.39839518211555447
8121619,1546866,3.488978133038564,0.028454628021355358,1.0923265114343501,0.033912873612447804,1.805122957355248,0.07363531970203491
109200662,1546866,2.230458755357265,0.14686029878504542,0.35524965638159156,0.026819294986148438,3.4921395928456405,0.6519509602953432
12336411,1546866,3.4930301296585595,0.02492546508506754,0.19545090535542428,0.08631181406258373,1.7971653694404675,0.11877753365174598
65359142,1546866,3.845568304615565,0.04789323471054835,0.1940000057089362,0.1374522629640669,0.2433292133344664,0.188905029874535
45784362,1546866,2.2384275654709316,0.1402554199722988,0.18489216528986865,0.12259493058639587,3.447666869098792,0.66950732436397
55143742,1546866,2.2457657047718103,0.13425940117735366,0.01393037752160985,0.3127858952865277,3.430835035887934,0.6707167635659166
132640072,1546866,3.6637940738293655,0.015346794146702415,1.030819774106416,0.13217853291463194,0.8148106273135869,0.0
22349131,1546866,3.2744615554548924,3.8252886216487485,0.03216717987318263,0.140355837989922,0.0,0.09869303933408537
48770382,1546866,2.479657584579784,0.2018178580955156,0.4512234142371423,0.167735029509791,2.597130871210469,0.8065954285261706
11091283,1546866,3.681762003834796,1.175264449202751,0.40815298779746145,0.12801218513107013,0.0,0.23212586027848672
113073492,1546866,1.5270301024108306,0.3804316821241162,0.22512905034349676,0.012423785886463147,4.6357993229615655,1.742638375992046
12852566,1546866,3.1589818973510995,3.8418713024276205,0.5017974174727967,0.3254090017022212,0.0,0.12435681626683381
139015512,1546866,3.574381422057092,1.0315640061657192,0.03633178587227206,0.09032873247726877,0.0,0.09347895998356348
10782043,1546866,3.312713114210435,2.0335271955848433,0.16560340353223726,0.5587002703411427,0.0,0.4501874761190378
120083812,1546866,3.485493122453675,0.031208742863708488,0.3138128638021644,0.03786816403040005,1.845827136910062,0.09987589680198616
14056808,1546866,0.9145345793654507,0.2348265030204804,0.19039388829179188,0.011778203372633715,7.196938856882928,1.0439940178279088
14286185,1546866,3.233710281568659,3.3478778255419717,1.3767537226068085,0.43941726468984227,0.0,0.15120921766449008
8770936,1546866,3.3240362010888624,0.5694151506198304,0.17235228617827406,0.3481402376573286,0.0,0.6941458817418035
109055352,1546866,3.4938603572589577,0.024269998650211306,0.20005003662582102,0.0390627687381593,1.8017397852237331,0.11608001021154915
57820542,1546866,3.8552658610419237,0.03992770822360033,0.029046423713269293,0.18608420238182707,0.214085422092537,0.19656998066976503
144860542,1546866,2.238378687826098,0.14050106568444953,0.8692353817606036,0.1186048821582576,3.46222816158914,0.6247043866442475
104377732,1546866,1.9102485821159763,0.35312962136003084,0.07145356441638114,0.018542501579754952,3.501982651018165,1.6054710165206154
3104141,1546866,3.858751193976291,0.03746340592607026,2.36067922290873,0.4096172714206738,0.12944788048279654,0.1027999535341316
19086741,1546866,2.4825570432902295,0.19953041640637748,1.1337575641560356,0.022828910369284035,2.574306999712604,0.7808542794849783
16917911,1546866,3.8439780010940443,0.0492200883463738,0.255061229855324,0.04249572222528334,0.25171055434594075,0.1863358565617372
10378652,1546866,3.523106004920894,1.226268413834516,0.25337670607321783,0.12630897783063197,0.0,0.2713008841348075
43273632,1546866,3.7033280128006214,0.5195129952136351,0.2070230727093793,0.06659516204430936,0.1582111343209679,0.0
12944814,1546866,3.0920233747635835,0.06651174864370492,0.08894290831694882,0.03540883132717097,2.5550544894137635,0.3404627834004221
88745392,1546866,3.3586562574923837,2.251960050715957,0.6224111688544918,0.07328248356579443,0.0,0.2746111418301143
47111602,1546866,3.6519083076073007,0.5609866424675736,1.090258283500224,0.15374291262085824,0.2146914445772887,0.0
84086202,1546866,3.4884400209997386,0.6158450887147184,0.027255085344114287,0.06397548487792043,0.0,0.7289978134986181
96560582,1546866,3.4519797183626477,3.222742130065304,0.03763315773264861,0.07531915969785263,0.08793666191876837,0.0
11754958,1546866,3.851720775414937,0.04283133001110461,0.08627627627533187,0.1382980534962392,0.22216010457825128,0.19618832048648352
14415310,1546866,2.780201150935202,0.21544009012323226,0.5090819742638305,0.026099122725856173,2.327606432787409,0.9233228871676004
12170704,1546866,3.5782148988041427,1.436926533500146,0.005594052937575215,0.5891685009978795,0.0,0.2223518295837296
129281492,1546866,3.497094991862572,0.021560464734646245,0.037738329643330806,0.04046464738628504,1.7900230355880702,0.12583057726576116
12756438,1546866,3.680395337943051,0.0018213019969633788,0.039969185362124585,0.0444041820057854,0.8447103524034392,0.014062230035457132
19045851,1546866,3.1373771380529654,5.2121398587437575,0.39990241202073057,0.399343895592071,0.0,0.0036759818116558554
3720668,1546866,3.133494347023547,4.908826995188672,1.7859725278291685,0.595276728099106,0.07346752070374327,0.0
13276657,1546866,3.6737349137918067,0.00734475682406375,0.19699900138136198,0.13743612047168782,0.8682545796466183,0.0011485104819805492
79941122,1546866,3.438383554098624,3.2337882172239216,0.09143062620323662,0.12156121631677944,0.12048658151821513,0.0
39425542,1546866,3.478381385004813,2.512619374492375,0.03599895393876507,0.11112502500119101,0.0,0.0
12705291,1546866,0.9210453911436185,0.22946391890094547,0.07178788198871631,0.15447791705091318,7.158915235429855,1.0562877665580312
14478862,1546866,3.08986564333885,5.148107428565696,0.11528908559297613,0.6872213806407195,0.0,0.08043647967215602
52063762,1546866,3.15686109847781,5.221890799885291,0.28393104695428345,0.49391065496474085,0.0,0.017852977175934922
106071572,1546866,3.520664207265021,1.1514327590177478,0.03124244816061947,0.08451958727748879,0.0,0.4070207542590656
58869282,1546866,3.8476317484542224,0.046190777871696516,0.08823915843478403,0.13823662121061556,0.24232877650556148,0.19183296299558483
2993701,1546866,3.5504618852943413,1.4596050311854767,1.136477099045036,0.15705738607618136,0.0017997501656265688,0.21545025526439113
86326822,1546866,0.9269312941171896,0.22460721426569819,0.015180652685071853,0.15508985244212303,7.128008272811836,1.0664000665977202
14480943,1546866,2.7920705209978776,0.20579524252265627,1.2293459846524712,0.022893057272613045,2.2559267664283222,0.9033238302773622
3114544,1546866,3.681003599086222,0.0013323093335308647,0.037325958974560924,0.09160666115050568,0.8437011943160961,0.01247194493095448
48852532,1546866,3.0907552693919333,5.478646119311274,0.01655424433500284,0.4351301564326733,0.06451484283311319,0.0
61845052,1546866,2.958214500225577,5.61112214417176,0.006619061174150137,0.5706426951094828,0.0,0.13697917078425448
119189052,1546866,3.602213467850626,0.6010838634624261,1.5993836720072494,0.05560538254350545,0.0,0.39280706325432924
91686462,1546866,1.9083148494863995,0.3548539533935664,0.22801202408525514,0.1588330308063257,3.5297882377158074,1.5814357030990096
1988165,1546866,2.2301337445111638,0.14718882696985158,0.4078544847201433,0.07367412243129302,3.5064933358818275,0.6406554819394609
70792782,1546866,3.496944884883435,1.9108678022775698,0.7267281541961238,0.18337815145141603,0.15516949352245085,0.0
2989646,1546866,2.2271938830250697,0.14963030921759302,0.5696530316995871,0.025388806498619135,3.517795600697897,0.6318828920159462
117835342,1546866,3.6609205997173273,0.01776854096336866,0.46618437805430285,0.134991469273903,0.8812438429209718,0.0
105485912,1546866,3.258796919936674,4.118953320123935,0.5170518187261651,0.07555357222134616,0.0,0.09301003567160925
107013722,1546866,3.790149407070046,0.9604931806995778,0.47073149061029745,0.04381233231259582,0.05392309525258867,0.0034744201695882785
12164699,1546866,2.2283204960748457,0.14861729108223443,0.25356635839253516,0.02727626900556917,3.5083757645732847,0.6522434140946877
55850592,1546866,3.4903500774670544,0.02710861897623537,0.09429130185468385,0.03983180259445903,1.8168949509509806,0.11925538032928593
1893992,1546866,3.0900084409428676,0.06823101582782179,0.13086715131146268,0.2709519133762658,2.571539112666144,0.32611853541680175
148799092,1546866,3.681616353748752,0.00083970201561758,0.03468273480927469,0.13880935696027408,0.842679714360855,0.010881180389261582
168539772,1546866,3.680395337943051,0.0018213019969633788,0.039969185362124585,0.0444041820057854,0.8447103524034392,0.014062230035457132
54437502,1546866,2.9742691367133025,6.363859531299051,0.059106268484339815,0.6742498987001154,0.01309835447150081,0.0
8033927,1546866,3.456829698125101,3.2194846829381825,0.3621015719656247,0.12105429873710347,0.017751825113200708,0.0025396469574105835
5750429,1546866,3.268364538704727,2.298289315475156,6.995648485490921,0.0384070270901941,0.0,0.11054036560373404
13446813,1546866,3.848415758860659,0.04556636045691659,0.1894902011342636,0.1848512520000427,0.23410688474522176,0.18817857434831683
9451173,1546866,2.060642602752125,0.2311025996881139,8.096331330429305,0.0,2.8584681162028276,1.2701770122057952
169377452,1546866,3.680395337943051,0.0018213019969633788,0.039969185362124585,0.0444041820057854,0.8447103524034392,0.014062230035457132
168705712,1546866,3.681003599086222,0.0013323093335308647,0.037325958974560924,0.09160666115050568,0.8437011943160961,0.01247194493095448
32140982,1546866,1.9241278334794165,0.3418511952983724,0.0,0.39658154893384634,3.4607286382538933,1.5987319514317153
10825401,1546866,3.3922418491887414,2.607870354268043,0.7010271559726245,0.6210369995010249,0.03389921539919083,0.05479167504308806
170954432,1546866,3.6742908202554823,0.006881629072359697,0.1444076679980162,0.13778873468751743,0.8692079376016673,0.0025863974943031594
61091522,1546866,3.5484577605787746,1.5375384768816844,0.2943107977339784,0.20518405369440332,0.00020616265540326375,0.12104443426699388
168703682,1546866,3.681003599086222,0.0013323093335308647,0.037325958974560924,0.09160666115050568,0.8437011943160961,0.01247194493095448
56139462,1546866,3.641656169345921,0.03318771259280483,2.0097214798350107,0.2679089545768222,0.7727895017351111,0.0
125779662,1546866,3.0947710367299686,0.06424926406638548,0.03435028886745395,0.035985625931449564,2.5477963318600656,0.3428366282630832
38586092,1546866,2.49505009313598,0.18910661733870585,0.0034587943482605557,0.4544075721282183,2.5354347532633636,0.8311769194672056
14784241,1546866,3.020317364935238,6.071528389207384,0.015263316494339303,0.45327029320002077,0.0,0.0
25282302,1546866,2.48433360200819,0.19780236749568872,0.13502048362053393,0.028521929008433897,2.557805361320478,0.8410286157627966
7563009,1546866,3.17207468889048,5.158264622615368,0.08546504129415089,0.21516792956368072,0.020000369660100412,0.0
2760455,1546866,3.5000439277144055,0.01922107639112826,1.0737327185320595,0.03500713052119404,1.7232035763203752,0.10041715154850256
86384402,1546866,3.6560657222140183,1.0936576087021805,0.14283949726903522,0.03935830557393225,0.0,0.31307557236506545
129453842,1546866,3.4977267169991593,0.0210526200030549,0.03509525688622626,0.08766825144584982,1.7889667679401025,0.12422813254032972
8724250,1546866,2.4822227767097895,0.19965754485630993,0.12594052091549657,0.31145850882951415,2.5912245177944704,0.8192973902998467
2223905,1546866,3.069116397869845,4.756615379160545,0.557557401986395,0.37394934368822663,0.0,0.15604386849125118
119713572,1546866,2.2301507406345924,0.1470973005752785,0.2512170648936988,0.027397144693386808,3.4957641832312394,0.6561562119151323
63846182,1546866,3.843010451904551,0.05013234133394163,0.4577359010718733,0.2300022710651173,0.26701606430150227,0.16353425427185495
10487591,1546866,3.089267364443624,0.06879957432377881,0.0856202016288431,0.12975794649535047,2.572973402668422,0.33286317280170935
8312620,1546866,3.6446158455845943,0.9243287052868405,1.3433885990630225,0.22913164064279987,0.1258845816845926,0.0
62861102,1546866,3.3853225583118323,1.898342991883301,0.017144562187285783,0.3775793758627308,0.0,0.2517062836775631
120954672,1546866,3.492718929553441,0.025265465484883412,0.61871889399607,0.03651704358783418,1.788397304267963,0.10235209556401394
59170612,1546866,3.2488804862476344,1.8553916774018138,1.4943822047730484,0.18272217650723407,0.0,0.5549696406353345
9971513,1546866,3.847774223376699,0.04606479145324005,0.30166720288542104,0.042474861255355746,0.22111113940812602,0.19401726289759
32601922,1546866,3.1591666596623083,3.8418434658669978,0.6238766286617955,0.13589559360631392,0.0,0.12279635136897663
10739535,1546866,2.871813443110834,6.854708648657789,0.12678628873485234,1.3095787300350006,0.0,0.0
11564896,1546866,3.7850984731972437,1.7555286055746397,0.09363950410378147,0.05390516466785009,0.0,0.0
146444132,1546866,3.6588769809994908,0.019415613720383224,0.4019919767364852,0.3241201424945807,0.8839984257585963,0.0
11429748,1546866,2.8691293836477705,0.14320199113445073,6.412463934949196,0.09560246181549267,1.79019008009813,0.7427912886196492
78057332,1546866,3.8000984902638666,0.952457386658787,0.20691302601981781,0.09299425062624327,0.04597743283217375,0.005093258717162741
105564022,1546866,3.853245478467521,0.04155189294033733,0.03697510151251249,0.04446778741263882,0.2175173464341357,0.20142837218257936
102502262,1546866,1.9089666921082382,0.3542582648273539,0.2851240100049144,0.01694352401726013,3.510651551392535,1.5914292119502391
15232901,1546866,3.7977414249239456,0.9542703869935419,0.3588905077844634,0.09198175731976395,0.024670491735178015,0.01177502764778799
64886662,1546866,3.243779987644358,2.8292274590037385,0.19787086026121217,0.0944516632233956,0.0,0.3530697489886148
65691542,1546866,3.0769638630837584,5.822020032507598,0.1399486622946732,0.2292383531127529,0.0,0.0
76566422,1546866,2.500624887135196,0.18489169934599006,2.2674200990122406,0.017825620482030787,2.481829861324175,0.7394694636400205
10450842,1546866,2.938200897827712,5.882463662310574,0.0,0.7457167453897899,0.0,0.09698491405135785
103698332,1546866,0.9211473791843808,0.229352499068243,0.1836107085625984,0.012101420909402234,7.154599042000052,1.0563557077085404
8640413,1546866,3.8469582875961197,0.046732172777250267,0.09088205103453154,0.09103114955422092,0.2434727512859876,0.19345242683319733
11505568,1546866,2.787519047208408,0.20927718862968217,0.07953722012339069,0.029247375747049668,2.2889865366766537,0.9553574999580712
22919081,1546866,3.64279091238188,0.03231215066757057,1.8092413857600151,0.17461068450942557,0.7949557155390601,0.0
135927722,1546866,3.4673190545088968,2.1132043328938144,0.08894633579583369,0.1778060928915002,0.00526592407069542,0.0
67229622,1546866,3.090122960227205,0.0680830374639535,0.1947143576132224,0.03462836024182633,2.5568581883092576,0.33684381317825524
67911612,1546866,3.3662332916891056,0.561084450280973,0.08274677462963852,0.06644968410033808,0.0,0.7915907411176091
9639872,1546866,2.2417404573739557,0.1374953495545687,0.027143015817075445,0.076724680521116,3.4382953070547937,0.6789586866227971
91725772,1546866,3.2364478088699626,3.1925925261996086,0.6766759040962811,0.07352489033495169,0.0,0.17538389283681952
55699412,1546866,3.3673433183319035,0.560081031178448,0.02627246017088483,0.06678360104872741,0.0,0.7927808201620568
52938712,1546866,3.6687153758078597,0.011445962424239429,0.36391103972015737,0.041614858879373835,0.8733865560334076,0.0
50403292,1546866,2.488147013037199,0.1946560695782636,0.02724248528116417,0.029515077505316612,2.5479527227102046,0.8459385728692189
88725472,1546866,0.9256861246438394,0.22560825339370363,0.017821916545802324,0.10785535869389395,7.130638090902344,1.0681530600151694
54337512,1546866,3.129588143054349,4.733371974800085,1.283223461531773,0.32379355678480365,0.008561059993885943,0.0
139245552,1546866,2.235088158017266,0.14296886792476698,0.08370875987949998,0.07609144395019891,3.466420787991801,0.6715604504499395
79572982,1546866,3.34194358048602,2.9289537403097987,0.1869934997492232,0.37238286764430684,0.0,0.16939080415118024
153006072,1546866,3.6532486643713495,0.023906306097666467,1.2447056184123997,0.08348383816234768,0.8267484124979156,0.0
704509,1546866,3.319216746659661,2.02815344382164,0.0,0.7482750930790812,0.0,0.4434926001768069
55189502,1546866,2.8868678952926805,6.842544020391433,0.0011531814836579718,0.6980826412312028,0.0,0.0
